% id nnzA myErr umfErr logratio myElaps umfElaps ratio mynnz umfnnz ratio myflop umfflop ratio
 results = [1327 10143 1.34361e-15 4.58909e-16 0.466545 0.03652 0.011199 3.26101 13137 12000 1.09475 148913 117073 1.27197 
2334 10466 8.45192e-14 2.8939e-14 0.465471 0.042443 0.00673604 6.30089 27836 13363 2.08307 635034 133181 4.7682 
331 12032 1.25039e-13 1.30449e-14 0.981606 0.0423789 0.019861 2.13378 91581 82234 1.11366 4.01309e+06 3.45026e+06 1.16313 
1613 12349 5.24192e-16 2.14768e-15 -0.612478 0.0407801 0.021404 1.90525 75566 69202 1.09196 2.35382e+06 1.99164e+06 1.18185 
2562 12773 5.8479e-14 2.713e-14 0.33355 0.024358 0.016026 1.51991 39375 35545 1.10775 639691 492081 1.29997 
838 12233 1.68819e-15 3.68996e-15 -0.3396 0.0185349 0.010566 1.7542 41217 30284 1.36102 955806 508893 1.87821 
227 14133 2.07927e-16 4.44822e-16 -0.330274 0.0480351 0.0275528 1.74338 161185 154159 1.04558 1.27164e+07 1.31481e+07 0.967164 
1053 10186 1.34725e-16 2.48368e-17 0.734355 0.0473161 0.015408 3.07087 16424 14562 1.12787 96311 71874 1.34 
324 14585 3.04765e-16 1.82966e-16 0.221593 0.0511861 0.025001 2.04736 88171 82079 1.07422 2.75252e+06 2.4188e+06 1.13796 
1378 14873 5.67344e-10 1.45508e-13 3.59096 0.0544941 0.0168989 3.22472 21281 35269 0.603391 88252 209969 0.42031 
2655 14038 1.63654e-16 2.05575e-16 -0.0990434 0.0355699 0.0170882 2.08155 27123 22228 1.22022 247913 143029 1.73331 
329 17088 8.76852e-15 1.56387e-14 -0.251274 0.0348501 0.0133319 2.61404 63386 71497 0.886555 4.58289e+06 5.97747e+06 0.766694 
539 13151 1.3859e-16 1.38532e-16 0.000184157 0.0496528 0.0207312 2.39508 19727 17159 1.14966 216742 121318 1.78656 
1865 18447 3.15035e-16 4.44089e-17 0.850888 0.049562 0.014359 3.45163 27932 19476 1.43418 164911 69694 2.36622 
734 15914 1.15929e-15 7.66222e-15 -0.820164 0.0630472 0.0227959 2.76572 51759 41332 1.25227 1.90021e+06 1.0943e+06 1.73646 
1633 18880 1.95228e-13 1.36478e-14 1.15548 0.0790691 0.0341649 2.31434 168854 150256 1.12378 9.48421e+06 8.36253e+06 1.13413 
830 19093 4.43083e-16 6.47798e-16 -0.164954 0.094245 0.048667 1.93653 326739 330539 0.988504 4.44954e+07 5.4125e+07 0.822084 
545 17279 1.85031e-14 4.87446e-15 0.579318 0.0982752 0.0564098 1.74216 202466 169222 1.19645 2.32655e+07 1.61905e+07 1.43699 
322 19996 9.30968e-17 1.38778e-17 0.826615 0.06022 0.023001 2.61815 25986 19996 1.29956 51567 27493 1.87564 
244 17628 3.01279e-16 2.94098e-16 0.010477 0.078712 0.0381601 2.06268 199270 184348 1.08094 1.70179e+07 1.46987e+07 1.15778 
336 20187 1.06094e-12 1.49409e-12 -0.148687 0.107234 0.0790071 1.35727 291023 281347 1.03439 2.16851e+07 1.96436e+07 1.10393 
246 19119 2.31646e-16 3.61188e-16 -0.192908 0.066602 0.0272799 2.44144 142575 125288 1.13798 1.03163e+07 8.55386e+06 1.20605 
828 20841 1.9137e-16 2.28772e-16 -0.0775286 0.068105 0.0305459 2.22959 123015 117817 1.04412 3.90729e+06 3.77687e+06 1.03453 
823 21118 3.36116e-15 2.45626e-15 0.136215 0.0608959 0.0202482 3.00748 121867 101335 1.20262 7.37238e+06 5.11612e+06 1.44101 
1200 22162 3.45907e-15 1.40019e-14 -0.607226 0.0833862 0.0612409 1.36161 91168 64623 1.41077 1.31493e+06 547881 2.40003 
419 22460 2.78248e-14 1.77697e-15 1.19475 0.0504048 0.0136578 3.69055 63901 40663 1.57148 2.63323e+06 962074 2.73703 
243 19256 1.70739e-15 2.66348e-15 -0.193116 0.060106 0.0163481 3.67663 97327 125227 0.777205 8.58346e+06 1.56893e+07 0.547088 
755 22711 7.9566e-15 4.23427e-15 0.273949 0.0979888 0.060802 1.61161 63404 57517 1.10235 755178 576602 1.3097 
837 10931 1.20011e-15 1.01804e-15 0.0714565 0.0639739 0.0290151 2.20485 42678 26152 1.63192 759971 194787 3.90155 
540 19848 1.06958e-17 5.68263e-17 -0.725336 0.0628428 0.029562 2.1258 25054 23794 1.05295 54981 47963 1.14632 
213 23186 1.21928e-16 1.23242e-16 -0.00465696 0.0486431 0.018677 2.60444 90936 72878 1.24778 9.994e+06 5.7865e+06 1.72712 
900 19039 9.74885e-15 1.09099e-15 0.951132 0.113058 0.0728421 1.55209 161151 144842 1.1126 1.30159e+07 1.15247e+07 1.12939 
189 24002 5.80537e-13 1.33448e-14 1.63852 0.122056 0.0813639 1.50012 404277 295720 1.36709 3.91251e+07 1.95265e+07 2.00369 
2563 25662 2.54224e-14 4.4294e-15 0.758872 0.051966 0.025862 2.00936 84051 58787 1.42975 1.43215e+06 670948 2.13452 
754 19924 6.6342e-14 9.85092e-15 0.828312 0.0990222 0.0636039 1.55686 55341 46133 1.1996 693456 408396 1.698 
457 17363 2.24217e-15 2.08092e-15 0.0324143 0.0849631 0.0447428 1.89892 122672 105255 1.16547 8.12741e+06 7.69851e+06 1.05571 
917 26503 1.49123e-13 4.15266e-14 0.555217 0.141342 0.108539 1.30222 354262 262796 1.34805 2.31631e+07 1.08184e+07 2.1411 
2827 27415 5.02434e-17 5.97835e-17 -0.0755026 0.070828 0.0316789 2.23581 88561 79096 1.11966 2.41596e+06 2.0103e+06 1.20179 
332 29600 6.65442e-14 2.68895e-13 -0.606473 0.091449 0.0457139 2.00046 276689 264334 1.04674 1.73198e+07 1.75998e+07 0.984091 
2656 29700 1.21555e-16 6.053e-16 -0.697199 0.062134 0.0303969 2.04409 42004 35270 1.19093 256980 154560 1.66266 
2817 29121 2.65973e-13 2.55847e-14 1.01686 0.055944 0.0213449 2.62095 107259 74274 1.4441 6.64245e+06 3.11061e+06 2.13542 
1187 32300 6.26688e-16 1.3861e-16 0.655258 0.12344 0.0650051 1.89893 141512 155958 0.907372 4.18721e+06 6.55133e+06 0.63914 
384 29450 5.69724e-14 7.63932e-15 0.87261 0.0532401 0.018996 2.8027 108772 68307 1.5924 6.89901e+06 2.56176e+06 2.69308 
157 31184 1.79834e-15 1.0815e-13 -1.77916 0.073029 0.0422821 1.72719 65979 59310 1.11244 843809 608851 1.3859 
156 31425 2.67238e-14 5.67625e-15 0.672837 0.0730519 0.042253 1.72892 68066 59320 1.14744 905132 604198 1.49807 
2350 32299 6.45152e-15 3.09258e-14 -0.680659 0.0840621 0.0445299 1.88777 58337 47819 1.21995 573074 280191 2.0453 
370 25344 1.23657e-16 8.00663e-17 0.188767 0.0652809 0.024138 2.70449 32196 31776 1.01322 658866 664292 0.991832 
1866 36879 5.31091e-15 4.44089e-17 2.0777 0.0734119 0.0367172 1.99939 64167 38932 1.64818 410561 139326 2.94677 
735 15914 6.38337e-16 7.6534e-15 -1.0788 0.0633368 0.0242262 2.6144 46647 40492 1.15201 1.42467e+06 1.04666e+06 1.36116 
568 27491 3.74829e-14 2.86818e-15 1.11623 0.140183 0.0998778 1.40354 178937 121125 1.47729 1.97428e+07 7.12493e+06 2.77095 
424 37200 2.19535e-13 8.54202e-15 1.40994 0.0599751 0.0213299 2.81179 129193 106196 1.21655 1.04307e+07 7.39047e+06 1.41137 
2351 36909 2.50818e-15 3.0266e-15 -0.0815957 0.102192 0.0657451 1.55437 83320 61255 1.36022 1.18796e+06 477533 2.48771 
825 41814 7.51422e-15 4.48227e-15 0.224386 0.105386 0.0550909 1.91295 335415 276641 1.21246 3.16404e+07 2.23523e+07 1.41553 
918 41767 2.08673e-13 2.04757e-13 0.00822868 0.188949 0.18389 1.02751 630819 499882 1.26194 4.97469e+07 3.12245e+07 1.5932 
2352 39438 1.68584e-14 1.64386e-13 -0.989048 0.10947 0.0734141 1.49113 86790 63713 1.3622 1.26691e+06 427173 2.96579 
2348 34921 8.4819e-15 7.63997e-12 -2.9546 0.0976379 0.0637202 1.53229 83502 60781 1.37382 1.35121e+06 510490 2.64689 
547 41057 3.43944e-14 9.95339e-15 0.538516 0.163253 0.144736 1.12793 689715 714749 0.964975 1.39969e+08 1.47212e+08 0.950797 
372 34024 3.13042e-15 1.77864e-13 -1.75449 0.0990391 0.0679789 1.45691 64287 53308 1.20595 394146 240534 1.63863 
2340 37272 2.11264e-15 1.49749e-15 0.149462 0.0893221 0.0693171 1.2886 67949 59583 1.14041 731462 430748 1.69812 
421 47901 1.40081e-14 1.36909e-14 0.00994509 0.083986 0.0578051 1.45292 233483 157351 1.48384 1.42375e+07 6.12081e+06 2.32608 
2346 35566 1.41716e-15 1.44942e-15 -0.00977644 0.0970111 0.067502 1.43716 67502 57030 1.18362 843698 413018 2.04276 
2341 37380 1.35232e-15 1.53829e-15 -0.0559573 0.102338 0.0702541 1.45669 66532 59744 1.11362 653104 431262 1.5144 
2353 42120 3.86601e-16 4.23702e-16 -0.039798 0.118354 0.087024 1.36002 78851 69025 1.14235 1.00802e+06 499714 2.0172 
1612 49699 1.61511e-15 8.72398e-15 -0.732513 0.146405 0.103208 1.41855 394509 399242 0.988145 2.21221e+07 2.31155e+07 0.957024 
2564 51400 1.19325e-13 1.65134e-12 -1.14111 0.0699201 0.0432129 1.61804 174337 123486 1.4118 3.06638e+06 1.49454e+06 2.05171 
