% id nnzA myErr umfErr logratio myElaps umfElaps ratio mynnz umfnnz ratio myflop umfflop ratio 
 results = [1441 100015 2.11757e-16 1.0352e-16 0.310813 0.067209 0.018023 3.72907 184699 134859 1.36957 9.45069e+06 5.01736e+06 1.8836 
1624 102245 1.5739e-13 3.0057e-12 -1.28097 0.101555 0.0645561 1.57313 455106 203770 2.23343 2.51757e+07 4.1911e+06 6.00694 
2565 102863 2.13469e-14 8.24761e-05 -9.58699 0.116326 0.092169 1.2621 345995 242551 1.42648 6.00719e+06 2.8542e+06 2.10468 
582 102043 1.47267e-13 5.18544e-13 -0.54668 0.661717 0.484725 1.36514 3.42092e+06 5.02859e+06 0.680295 1.20937e+09 3.68456e+09 0.328226 
549 104754 3.04905e-13 3.31e-14 0.964337 0.411964 0.32349 1.2735 2.19533e+06 2.60963e+06 0.84124 7.50745e+08 1.12851e+09 0.665257 
2828 133458 1.07317e-16 5.88392e-17 0.261002 0.170532 0.137997 1.23577 313489 268151 1.16908 6.22584e+06 4.48133e+06 1.38928 
395 131268 1.16851e-11 2.17363e-14 2.73045 0.120329 0.0935969 1.28561 791946 472516 1.67602 9.72044e+07 2.99505e+07 3.2455 
551 141966 2.70769e-13 2.52448e-14 1.03043 0.606288 0.536134 1.13085 3.24054e+06 4.34617e+06 0.745607 1.37882e+09 2.97011e+09 0.464232 
1874 156446 4.28879e-13 8.00303e-13 -0.27092 0.209814 0.179048 1.17183 291207 226984 1.28294 3.34794e+06 1.43923e+06 2.3262 
834 166453 9.91949e-16 5.47748e-16 0.257909 0.804155 0.615642 1.30621 4.56023e+06 6.94946e+06 0.6562 1.25718e+09 3.64651e+09 0.344764 
584 153563 3.31225e-13 7.06077e-13 -0.328729 1.0121 0.877434 1.15347 5.76056e+06 1.01418e+07 0.568001 2.29532e+09 1.02055e+10 0.224911 
574 130528 2.80824e-13 1.95481e-13 0.15733 0.545399 0.464372 1.17449 1.33084e+06 1.08004e+06 1.23222 2.77096e+08 1.86026e+08 1.48955 
289 175027 9.4616e-16 9.21527e-16 0.0114563 0.392661 0.343845 1.14197 1.96835e+06 1.90537e+06 1.03305 3.05976e+08 2.77655e+08 1.102 
833 177196 1.65942e-15 2.31167e-15 -0.143969 0.808299 0.694788 1.16338 7.71365e+06 1.05378e+07 0.731996 4.66124e+09 9.07319e+09 0.513737 
2820 174556 1.4178e-12 8.55141e-13 0.219577 0.154975 0.132839 1.16664 1.13161e+06 706307 1.60215 1.53438e+08 5.15114e+07 2.97871 
1862 191368 1.01789e-10 4.80712e-10 -0.674182 1.16917 1.13871 1.02675 1.17318e+07 1.3899e+07 0.844072 7.70683e+09 1.30866e+10 0.588909 
1371 131607 1.0957e-17 4.08464e-14 -3.57146 0.290869 0.215676 1.34864 203450 185383 1.09746 1.30109e+06 845107 1.53955 
1854 201201 3.75328e-16 2.93097e-16 0.1074 0.513815 0.481183 1.06782 1.89872e+06 2.06402e+06 0.919914 1.86629e+08 2.19751e+08 0.849273 
552 179578 2.02633e-13 1.97476e-13 0.0111959 0.779074 0.59916 1.30028 4.42056e+06 5.36953e+06 0.823267 1.991e+09 3.37593e+09 0.589763 
2566 206063 1.03231e-13 1.96674e-09 -4.27994 0.21258 0.196448 1.08212 696786 474973 1.467 1.21432e+07 5.4592e+06 2.22435 
576 164537 1.52699e-13 1.81331e-13 -0.0746348 0.775593 0.805685 0.96265 1.78839e+06 1.57114e+06 1.13827 4.15146e+08 3.30117e+08 1.25757 
284 213896 8.11482e-15 1.9196e-15 0.626069 0.475802 0.472681 1.0066 1.37442e+06 901319 1.52489 2.08361e+08 8.83209e+07 2.35914 
586 205083 5.09448e-13 1.89852e-12 -0.571316 1.29854 1.15356 1.12568 7.88277e+06 1.44922e+07 0.543931 3.21399e+09 1.52257e+10 0.21109 
431 124358 3.20257e-16 2.86121e-16 0.0489484 0.136821 0.076313 1.79289 645676 602624 1.07144 3.90764e+07 3.34532e+07 1.16809 
2814 109117 9.5747e-14 1.3059e-13 -0.134786 0.268101 0.168255 1.59342 2.64712e+06 3.43705e+06 0.770171 6.07048e+08 1.307e+09 0.464458 
969 130500 7.37119e-15 1.14659e-13 -1.19187 0.234855 0.158688 1.47998 1.12261e+06 1.08262e+06 1.03693 9.85959e+07 9.82612e+07 1.00341 
1375 187925 2.57393e-17 1.21081e-15 -1.67248 0.361684 0.327063 1.10585 289352 267410 1.08205 1.64041e+06 1.1786e+06 1.39183 
1319 254551 2.50303e-16 4.92263e-16 -0.293732 0.306829 0.237237 1.29334 2.00596e+06 2.21171e+06 0.90697 2.31952e+08 3.12204e+08 0.742952 
415 174622 2.50139e-16 1.62314e-16 0.187825 0.111816 0.0658941 1.6969 498974 401398 1.24309 2.89315e+07 1.73044e+07 1.67191 
578 198542 8.85361e-13 2.52189e-13 0.545394 0.854983 0.773996 1.10463 2.19832e+06 2.0447e+06 1.07513 5.14165e+08 5.03378e+08 1.02143 
452 237759 3.08935e-16 3.15115e-16 -0.00860184 0.767729 0.897635 0.85528 1.12128e+06 802277 1.39762 2.99998e+07 1.47732e+07 2.03069 
1428 281150 7.30031e-16 5.9552e-16 0.0884454 0.732976 0.623747 1.17512 7.37957e+06 1.22036e+07 0.604703 3.30513e+09 9.89308e+09 0.334085 
588 256603 4.63059e-13 3.38262e-13 0.136383 1.7233 1.83503 0.939113 1.02204e+07 1.86837e+07 0.547022 4.31059e+09 1.94108e+10 0.222072 
554 254780 1.90536e-13 9.70599e-14 0.292938 1.10921 0.844862 1.31288 6.88901e+06 9.87118e+06 0.697891 3.61572e+09 9.8147e+09 0.368399 
814 293409 3.27651e-16 7.57285e-16 -0.363848 0.171181 0.132267 1.29421 1.86643e+06 2.2676e+06 0.823088 6.60516e+08 1.11449e+09 0.592664 
920 268032 1.03844e-12 9.19352e-13 0.0528992 1.10745 1.03519 1.0698 6.86481e+06 1.23296e+07 0.556776 5.36445e+09 1.52002e+10 0.352919 
373 255068 9.42203e-17 1.05627e-16 -0.0496311 0.800142 1.03725 0.771404 498080 410664 1.21287 1.1709e+07 8.10238e+06 1.44513 
2821 302824 3.94375e-12 2.00225e-10 -1.70561 0.291272 0.23707 1.22863 2.51048e+06 1.64444e+06 1.52665 4.66451e+08 1.64159e+08 2.84145 
446 324759 3.05951e-13 9.20235e-12 -1.47825 0.25374 0.209382 1.21185 2.44873e+06 3.43398e+06 0.713086 4.84113e+08 9.21676e+08 0.525253 
1436 322253 3.42633e-13 1.46711e-13 0.368367 0.256932 0.209676 1.22538 2.03026e+06 1.66479e+06 1.21954 2.40123e+08 1.51502e+08 1.58495 
809 152001 7.63005e-17 1.08896e-16 -0.154484 0.406103 0.285457 1.42264 1.81692e+06 1.91086e+06 0.950837 2.0322e+08 2.60642e+08 0.779688 
1413 328167 2.40769e-15 3.25977e-16 0.868414 0.562682 0.64569 0.871443 1.33609e+06 1.05558e+06 1.26573 6.15259e+07 3.5754e+07 1.72081 
448 307258 2.62485e-13 7.68541e-15 1.53344 0.365186 0.293691 1.24344 3.27273e+06 3.41514e+06 0.9583 8.96919e+08 8.76775e+08 1.02297 
283 326852 2.42783e-13 2.98764e-14 0.909889 0.862652 0.855484 1.00838 4.15515e+06 3.63059e+06 1.14448 1.81587e+09 1.95115e+09 0.930665 
590 308123 9.95976e-13 2.79932e-11 -1.4488 1.98334 1.79244 1.1065 1.23914e+07 2.88058e+07 0.430172 5.2534e+09 4.12487e+10 0.127359 
927 352762 3.86134e-16 3.74955e-16 0.0127588 0.577544 0.525714 1.09859 5.6172e+06 8.35171e+06 0.672581 2.47515e+09 6.28399e+09 0.393882 
983 370763 3.19109e-13 2.86967e-14 1.04611 2.08293 3.51982 0.591771 2.29845e+07 3.8381e+07 0.598851 1.89436e+10 5.6138e+10 0.337448 
1869 381326 5.44216e-16 6.18321e-16 -0.0554433 0.782671 0.745644 1.04966 1.27085e+06 1.3954e+06 0.910741 1.42602e+08 1.69276e+08 0.842426 
556 329983 8.0207e-13 3.21175e-13 0.397471 1.49824 1.20301 1.24541 9.26047e+06 1.32248e+07 0.700236 5.29865e+09 1.30394e+10 0.406358 
970 237130 8.81943e-16 4.50909e-14 -1.70865 0.378309 0.312583 1.21027 2.49783e+06 2.89138e+06 0.863889 3.16897e+08 4.56996e+08 0.693435 
445 373235 8.65465e-11 3.08496e-10 -0.552 0.442442 0.362211 1.2215 4.55032e+06 3.05488e+06 1.48952 1.15623e+09 4.08541e+08 2.83016 
592 359635 7.05334e-13 9.7014e-13 -0.138439 2.36 2.08362 1.13264 1.46375e+07 3.87817e+07 0.377433 6.28379e+09 6.61606e+10 0.0949778 
2567 412136 2.39008e-13 0.0294801 -11.0911 0.430109 0.425982 1.00969 1.40066e+06 967526 1.44768 2.44741e+07 1.13251e+07 2.16105 
1405 187098 1.5252e-16 9.75313e-17 0.194183 0.072427 0.0287578 2.51852 243070 208496 1.16583 7.13171e+06 5.20556e+06 1.37002 
2335 430820 1.76367e-14 1.21868e-13 -0.839474 0.342655 0.270714 1.26575 3.30327e+06 2.87258e+06 1.14993 9.17933e+08 6.52994e+08 1.40573 
954 200038 1.59107e-14 4.27472e-14 -0.429219 0.33432 0.276137 1.2107 1.94007e+06 2.34442e+06 0.827527 1.96239e+08 3.20524e+08 0.612243 
435 456188 9.32668e-13 1.28754e-13 0.859967 0.626598 0.644778 0.971804 5.1415e+06 2.39577e+06 2.14607 2.12699e+09 3.64232e+08 5.83967 
290 463625 1.06387e-15 1.62689e-15 -0.184471 1.0845 1.00329 1.08094 3.62417e+06 4.401e+06 0.823489 2.41877e+08 5.62552e+08 0.429964 
558 405195 1.33545e-12 9.30896e-14 1.15673 2.14096 1.87727 1.14047 1.25235e+07 2.16826e+07 0.577586 8.34161e+09 3.03992e+10 0.274402 
