% spack g++ 10 -lopenblas  NNZ> 10000
% id nnzA myErr umfErr logratio myElaps umfElaps ratio mynnz umfnnz ratio myflop umfflop ratio
 results = [1327 10143 1.36364e-15 4.58909e-16 0.472974 0.0233855 0.00718691 3.2539 13137 12000 1.09475 148913 117073 1.27197 
2334 10466 8.43527e-14 2.8939e-14 0.464615 0.00596399 0.0052594 1.13397 27839 13363 2.08329 635221 133181 4.76961 
331 12032 1.6125e-13 1.30449e-14 1.09206 0.020855 0.0162203 1.28573 91581 82234 1.11366 4.01309e+06 3.45026e+06 1.16313 
1613 12349 5.4525e-16 2.14768e-15 -0.595373 0.0223198 0.0174121 1.28186 75566 69202 1.09196 2.35382e+06 1.99164e+06 1.18185 
2562 12773 8.49254e-14 2.713e-14 0.495588 0.0103383 0.0113945 0.907306 39376 35545 1.10778 639718 492081 1.30003 
838 12233 9.43552e-16 3.68996e-15 -0.592256 0.00620579 0.00683169 0.908384 41207 30284 1.36069 955230 508893 1.87707 
227 14133 3.78004e-16 4.44822e-16 -0.0706896 0.0305965 0.0233335 1.31127 161185 154159 1.04558 1.27164e+07 1.31481e+07 0.967164 
1053 10186 1.36376e-16 2.48368e-17 0.739644 0.0120933 0.0116087 1.04174 16424 14562 1.12787 96311 71874 1.34 
324 14585 3.50797e-16 1.82966e-16 0.282684 0.0269919 0.020646 1.30737 88171 82079 1.07422 2.75252e+06 2.4188e+06 1.13796 
1378 14873 5.67344e-10 1.45508e-13 3.59096 0.0140363 0.0112475 1.24796 21281 35269 0.603391 88252 209969 0.42031 
2655 14038 2.63896e-16 2.05575e-16 0.108464 0.0134446 0.0129265 1.04008 27126 22228 1.22035 248044 143029 1.73422 
329 17088 1.04055e-14 1.56387e-14 -0.176938 0.01218 0.0111418 1.09318 63386 71497 0.886555 4.58289e+06 5.97747e+06 0.766694 
539 13151 1.38591e-16 1.38532e-16 0.000186826 0.019706 0.0163774 1.20324 19727 17159 1.14966 216742 121318 1.78656 
1865 18447 3.15044e-16 4.44089e-17 0.850901 0.012766 0.0109707 1.16365 27932 19476 1.43418 164911 69694 2.36622 
734 15914 1.90609e-15 7.66222e-15 -0.604212 0.0204367 0.0198289 1.03065 51740 41332 1.25181 1.89839e+06 1.0943e+06 1.73479 
1633 18880 5.85871e-14 1.36478e-14 0.63274 0.0350095 0.0300818 1.16381 168854 150256 1.12378 9.48421e+06 8.36253e+06 1.13413 
830 19093 4.35655e-16 6.47798e-16 -0.172296 0.0581884 0.0399017 1.45829 326739 330539 0.988504 4.44954e+07 5.4125e+07 0.822084 
545 17279 4.99657e-14 4.87446e-15 1.01075 0.0524416 0.0458921 1.14272 202474 169222 1.1965 2.32654e+07 1.61905e+07 1.43698 
322 19996 5.55112e-17 1.38778e-17 0.60206 0.0255975 0.0189366 1.35174 25986 19996 1.29956 51567 27493 1.87564 
244 17628 2.35209e-16 2.94098e-16 -0.097038 0.0465456 0.0364476 1.27705 199270 184348 1.08094 1.70179e+07 1.46987e+07 1.15778 
336 20187 8.98299e-13 1.49409e-12 -0.220956 0.064723 0.0646206 1.00158 290942 281347 1.0341 2.16739e+07 1.96436e+07 1.10336 
246 19119 3.21656e-16 3.61188e-16 -0.0503417 0.0392139 0.0438522 0.894229 142575 125288 1.13798 1.03163e+07 8.55386e+06 1.20605 
828 20841 1.87054e-16 2.28772e-16 -0.0874351 0.0296798 0.0253824 1.1693 123015 117817 1.04412 3.90729e+06 3.77687e+06 1.03453 
823 21118 2.35095e-15 2.45626e-15 -0.0190302 0.0295328 0.0212705 1.38844 121867 101335 1.20262 7.37238e+06 5.11612e+06 1.44101 
1200 22162 4.28738e-15 1.40019e-14 -0.513994 0.0530797 0.0507626 1.04565 91193 64623 1.41115 1.31584e+06 547881 2.40168 
419 22460 2.87096e-14 1.77697e-15 1.20835 0.00977793 0.0101169 0.966497 63895 40663 1.57133 2.63258e+06 962074 2.73636 
243 19256 2.04314e-15 2.66348e-15 -0.115152 0.0219462 0.013027 1.68467 97327 125227 0.777205 8.58346e+06 1.56893e+07 0.547088 
755 22711 8.53947e-15 4.23427e-15 0.304652 0.0494826 0.0508545 0.973023 63414 57517 1.10253 755868 576602 1.3109 
837 10931 6.99128e-15 1.01804e-15 0.836792 0.0274956 0.025055 1.09741 42674 26152 1.63177 759717 194787 3.90024 
540 19848 1.06915e-17 5.68263e-17 -0.725512 0.026092 0.0248117 1.0516 25054 23794 1.05295 54981 47963 1.14632 
213 23186 2.03703e-16 1.23242e-16 0.218238 0.0171489 0.0143673 1.19361 90936 72878 1.24778 9.994e+06 5.7865e+06 1.72712 
900 19039 1.31206e-14 1.09099e-15 1.08013 0.0652944 0.0599057 1.08995 161147 144842 1.11257 1.30158e+07 1.15247e+07 1.12938 
189 24002 1.25559e-12 1.33448e-14 1.97353 0.0714519 0.0694526 1.02879 404281 295720 1.36711 3.91265e+07 1.95265e+07 2.00376 
2563 25662 4.1437e-14 4.4294e-15 0.971043 0.0221834 0.0228364 0.971408 84058 58787 1.42987 1.43229e+06 670948 2.13472 
754 19924 8.69445e-14 9.85092e-15 0.945765 0.0534247 0.0523324 1.02087 55376 46133 1.20036 694326 408396 1.70013 
457 17363 2.809e-15 2.08092e-15 0.130297 0.0399242 0.0373331 1.06941 122636 105255 1.16513 8.12604e+06 7.69851e+06 1.05553 
917 26503 1.80594e-13 4.15266e-14 0.638377 0.0932455 0.0901281 1.03459 354218 262796 1.34788 2.3161e+07 1.08184e+07 2.1409 
2827 27415 7.92891e-17 5.97835e-17 0.122632 0.0291722 0.0245316 1.18917 88561 79096 1.11966 2.41596e+06 2.0103e+06 1.20179 
332 29600 4.02043e-13 2.68895e-13 0.174689 0.0596611 0.0477112 1.25046 276689 264334 1.04674 1.73198e+07 1.75998e+07 0.984091 
2656 29700 1.62965e-16 6.053e-16 -0.569876 0.0233461 0.022832 1.02252 42003 35270 1.1909 256976 154560 1.66263 
2817 29121 4.30173e-13 2.55847e-14 1.22566 0.0193409 0.0181092 1.06802 107875 74274 1.45239 6.78437e+06 3.11061e+06 2.18104 
1187 32300 6.21144e-16 1.3861e-16 0.651399 0.0677592 0.0535298 1.26582 141512 155958 0.907372 4.18721e+06 6.55133e+06 0.63914 
384 29450 1.17586e-13 7.63932e-15 1.1873 0.0191163 0.0180021 1.06189 108816 68307 1.59304 6.90833e+06 2.56176e+06 2.69671 
157 31184 6.05854e-15 1.0815e-13 -1.25166 0.0321027 0.0335647 0.956445 65973 59310 1.11234 843773 608851 1.38584 
156 31425 6.07854e-14 5.67625e-15 1.02974 0.0330246 0.0338323 0.976126 68054 59320 1.14724 904561 604198 1.49713 
2350 32299 6.45517e-15 3.09258e-14 -0.680414 0.037116 0.0346951 1.06978 58310 47819 1.21939 571463 280191 2.03955 
370 25344 1.24104e-16 8.00663e-17 0.190336 0.0256897 0.023594 1.08882 32196 31776 1.01322 658866 664292 0.991832 
1866 36879 5.31089e-15 4.44089e-17 2.0777 0.0290572 0.0264186 1.09988 64167 38932 1.64818 410561 139326 2.94677 
735 15914 4.4046e-16 7.6534e-15 -1.23995 0.0207689 0.0197579 1.05117 46672 40492 1.15262 1.42648e+06 1.04666e+06 1.36289 
568 27491 3.40594e-14 2.86818e-15 1.07463 0.0975152 0.0822256 1.18595 178935 121125 1.47728 1.9742e+07 7.12493e+06 2.77084 
424 37200 8.13346e-14 8.54202e-15 0.978715 0.0216364 0.0179887 1.20278 129186 106196 1.21649 1.04279e+07 7.39047e+06 1.41099 
2351 36909 2.50818e-15 3.0266e-15 -0.0815957 0.055112 0.0527171 1.04543 83088 61255 1.35643 1.17881e+06 477533 2.46855 
825 41814 5.02515e-15 4.48227e-15 0.0496512 0.0631591 0.0468411 1.34837 335415 276641 1.21246 3.16404e+07 2.23523e+07 1.41553 
918 41767 2.32277e-13 2.04757e-13 0.0547685 0.155828 0.154513 1.00851 630812 499882 1.26192 4.97471e+07 3.12245e+07 1.5932 
2352 39438 1.68584e-14 1.64386e-13 -0.989048 0.072275 0.0674221 1.07198 86724 63713 1.36117 1.26428e+06 427173 2.95965 
2348 34921 1.07995e-14 7.63997e-12 -2.84969 0.0530777 0.0503774 1.0536 83511 60781 1.37397 1.35344e+06 510490 2.65125 
547 41057 4.12847e-14 9.95339e-15 0.617818 0.185646 0.129394 1.43473 689318 714749 0.96442 1.39738e+08 1.47212e+08 0.949229 
372 34024 1.21597e-16 1.77864e-13 -3.16516 0.0560225 0.0527623 1.06179 64311 53308 1.2064 394736 240534 1.64108 
2340 37272 5.22663e-15 1.49749e-15 0.542858 0.0631848 0.0645023 0.979574 67945 59583 1.14034 730811 430748 1.69661 
421 47901 2.10428e-14 1.36909e-14 0.18667 0.0483598 0.0480232 1.00701 233485 157351 1.48385 1.42359e+07 6.12081e+06 2.32581 
2346 35566 2.37509e-15 1.44942e-15 0.214486 0.0594783 0.0612513 0.971054 67550 57030 1.18446 847446 413018 2.05184 
2341 37380 1.72714e-15 1.53829e-15 0.0502908 0.0648344 0.0647164 1.00182 66524 59744 1.11348 652609 431262 1.51325 
2353 42120 5.21741e-16 4.23702e-16 0.0903946 0.0665631 0.0693898 0.959264 78851 69025 1.14235 1.008e+06 499714 2.01716 
1612 49699 2.14707e-15 8.72398e-15 -0.608869 0.10503 0.0810372 1.29608 394509 399242 0.988145 2.21221e+07 2.31155e+07 0.957024 
2564 51400 5.34585e-14 1.65134e-12 -1.48982 0.0555664 0.0571152 0.972883 174334 123486 1.41177 3.066e+06 1.49454e+06 2.05146 
