% id nnzA myErr umfErr logratio myElaps umfElaps ratio mynnz umfnnz ratio myflop umfflop ratio
 results = [83 1014 1.42109e-14 1.13451e-15 1.09781 0.0286851 0.00204897 13.9998 1974 1626 1.21402 9479 5517 1.71814
84 1091 4.07858e-14 2.40433e-15 1.22952 0.00455713 0.00142288 3.20275 2200 1952 1.12705 11275 8331 1.35338
90 1105 3.79211e-15 3.77956e-15 0.00143877 0.00426817 0.00144482 2.95413 2085 1869 1.11557 9041 6656 1.35832
86 1155 1.06581e-14 2.68297e-15 0.599066 0.00436902 0.00139499 3.13194 2237 2068 1.08172 11374 9232 1.23202
2338 1174 2.28789e-13 3.9826e-15 1.75927 0.00391984 0.000549078 7.13895 1302 1319 0.987111 17865 16718 1.06861
267 1255 1.88878e-14 5.34295e-15 0.548401 0.00527096 0.00185919 2.83509 3418 2921 1.17015 25700 22666 1.13386
2559 1514 5.61841e-12 4.15399e-15 3.13115 0.00419998 0.00139093 3.01954 3733 3214 1.16148 49214 36841 1.33585
257 1743 7.15281e-15 6.80879e-15 0.0214066 0.00485706 0.0014019 3.46463 3817 3371 1.1323 44719 33760 1.32461
335 1847 6.15894e-14 1.01177e-12 -1.21557 0.00525904 0.00327492 1.60585 11524 11022 1.04555 225027 204574 1.09998
85 1880 2.73132e-14 2.88138e-15 0.976773 0.00469613 0.00259995 1.80624 4050 3593 1.12719 24415 17357 1.40664
269 1966 1.09254e-14 5.22117e-15 0.320668 0.00686216 0.00281596 2.43688 5935 5494 1.08027 57596 54850 1.05006
266 2053 4.81677e-13 4.3575e-15 2.04352 0.00549603 0.0033021 1.6644 10513 9956 1.05595 278872 205280 1.3585
2015 2400 4.81097e-15 1.59872e-14 -0.52154 0.00704694 0.00513911 1.37124 9720 15856 0.613017 99201 488445 0.203096
270 2604 2.77159e-14 1.11022e-15 1.39732 0.00562906 0.00330806 1.70162 4603 3782 1.21708 16068 9043 1.77684
2232 2750 2.65399e-12 1.6577e-11 -0.795607 0.00485301 0.00204802 2.36962 10261 7671 1.33764 239341 147603 1.62152
2233 2750 2.65399e-12 1.6577e-11 -0.795607 0.00479102 0.00203681 2.35222 10261 7671 1.33764 239341 147603 1.62152
2234 2750 2.65399e-12 1.6577e-11 -0.795607 0.0046351 0.00205398 2.25665 10261 7671 1.33764 239341 147603 1.62152
824 3019 3.92533e-14 6.80536e-15 0.761025 0.00637698 0.00265503 2.40185 8582 6663 1.28801 222757 119978 1.85665
2560 3170 5.37268e-11 3.346e-15 4.20566 0.00552201 0.00197601 2.79452 7526 7494 1.00427 98887 96976 1.01971
450 3235 2.77204e-13 2.74729e-15 2.00389 0.00573301 0.00454688 1.26087 8257 6100 1.35361 50726 24928 2.0349
451 3734 1.98089e-16 2.0834e-15 -1.02191 0.0065999 0.00594401 1.11034 12312 6670 1.84588 128603 25881 4.96901
1942 3802 2.95874e-14 4.75314e-16 1.79413 0.00494099 0.00133419 3.70336 2132 4705 0.453135 24835 141343 0.175707
271 3988 9.68979e-14 1.88738e-15 1.71046 0.00584102 0.00599408 0.974464 7430 6055 1.22709 30061 16475 1.82464
2237 4203 1.64491e-12 2.76743e-13 0.774065 0.00527501 0.00320721 1.64474 8260 7146 1.15589 74595 51339 1.45299
2238 4203 1.64491e-12 2.76743e-13 0.774065 0.00590801 0.00261497 2.2593 8260 7146 1.15589 74595 51339 1.45299
2239 4203 1.64491e-12 2.76743e-13 0.774065 0.00514507 0.00268602 1.9155 8260 7146 1.15589 74595 51339 1.45299
208 4744 1.23504e-13 1.4625e-14 0.926583 0.00638008 0.00489402 1.30365 11665 11611 1.00465 270361 307293 0.879815
1896 5056 5.21912e-15 1.59097e-15 0.515934 0.00599384 0.00856304 0.699967 17001 14483 1.17386 244746 174207 1.40491
272 5453 4.99715e-14 1.22125e-15 1.61192 0.00659299 0.00840092 0.784794 10472 8077 1.29652 45160 20102 2.24654
460 6001 8.7068e-14 1.1536e-15 1.8778 0.00711393 0.0111971 0.635338 27191 17984 1.51196 641964 229310 2.79955
2561 6333 4.55492e-11 3.72228e-15 4.08767 0.00616193 0.00356698 1.72749 16454 15777 1.04291 227798 205627 1.10782
836 8394 6.8065e-13 8.99281e-15 1.87903 0.00840187 0.0106981 0.785362 24536 18747 1.3088 230636 114356 2.01682
1535 8423 4.29702e-13 6.90961e-15 1.79371 0.00900912 0.0117419 0.767264 24321 17604 1.38156 220362 92911 2.37175
2243 9270 1.27456e-10 1.89684e-12 1.82733 0.00678492 0.00657296 1.03225 20745 15477 1.34038 240504 117800 2.04163
2244 9270 1.27456e-10 1.89684e-12 1.82733 0.0264311 0.00828981 3.18838 20745 15477 1.34038 240504 117800 2.04163
1327 10143 2.01716e-11 1.28684e-15 4.19521 0.00984287 0.00514007 1.91493 20098 12194 1.64819 205744 126789 1.62273
837 10931 2.49199e-12 1.6237e-14 2.18604 0.010608 0.0181019 0.586013 49377 25976 1.90087 883596 192930 4.57988
838 12233 1.74523e-14 4.68585e-15 0.571065 0.0079 0.00479007 1.64925 37293 29783 1.25216 751343 497815 1.50928
2562 12773 1.17566e-10 6.92263e-14 3.23001 0.00940394 0.00769711 1.22175 35033 35192 0.995482 517591 484665 1.06794
734 15914 3.02861e-14 2.15983e-13 -0.853177 0.00824308 0.013258 0.621745 50973 41584 1.22578 1.842e+06 1.11805e+06 1.64751
735 15914 2.93924e-14 7.59895e-14 -0.412519 0.00874901 0.013279 0.658862 47062 40936 1.14965 1.46954e+06 1.08402e+06 1.35564
329 17088 7.46989e-11 1.18485e-13 2.79965 0.00763083 0.00761414 1.00219 56704 71963 0.78796 3.7887e+06 6.13661e+06 0.617393
545 17279 2.98464e-11 9.70964e-14 2.48769 0.017674 0.0307279 0.575177 192027 184760 1.03933 2.10452e+07 2.09614e+07 1.004
457 17363 1.19209e-07 6.71406e-15 7.24933 0.013119 0.024296 0.539964 134138 108910 1.23164 9.10833e+06 8.21212e+06 1.10913
2235 18385 3.5047e-11 8.16361e-15 3.63277 0.0320969 0.023442 1.3692 24707 23864 1.03533 85505 78307 1.09192
900 19039 1.56036e-13 4.70237e-14 0.520909 0.02016 0.046226 0.436117 172093 146051 1.17831 1.52099e+07 1.16756e+07 1.3027
754 19924 2.27845e-12 2.7929e-14 1.91158 0.017097 0.037318 0.458144 52510 54021 0.972029 607630 650879 0.933553
336 20187 3.38453e-12 4.27308e-12 -0.101242 0.0210681 0.042661 0.49385 276304 284148 0.972395 1.99352e+07 2.01349e+07 0.990085
1200 22162 6.28166e-13 9.27574e-14 0.830726 0.0175259 0.0350201 0.500453 87743 64864 1.35272 1.20523e+06 552171 2.18271
454 22317 2.22935e-11 5.85659e-15 3.58053 0.0165858 0.0407951 0.406564 119778 70582 1.697 4.1253e+06 1.05348e+06 3.91588
755 22711 8.73815e-14 1.62383e-14 0.730879 0.0190001 0.0355611 0.534293 59625 69463 0.858371 646354 875187 0.738532
2563 25662 9.36959e-09 9.44854e-15 5.99636 0.014858 0.0164599 0.902677 75274 58346 1.29013 1.18708e+06 659011 1.8013
917 26503 1.47222e-12 1.94491e-13 0.879072 0.0297751 0.0628788 0.473532 330487 275289 1.20051 2.02856e+07 1.16295e+07 1.74432
465 26647 5.56007e-11 7.92053e-15 3.84633 0.0335989 0.0306911 1.09474 85889 48537 1.76956 2.99907e+06 1.00016e+06 2.9986
568 27491 3.41551e-13 7.08623e-14 0.68304 0.028651 0.057116 0.501628 163665 123268 1.32772 1.65476e+07 6.84605e+06 2.4171
157 31184 3.37303e-13 3.14145e-14 1.03089 0.0363781 0.02232 1.62984 62856 59244 1.06097 746595 608271 1.22741
156 31425 1.42243e-12 7.86593e-14 1.25728 0.012954 0.0241981 0.535332 64068 58564 1.09398 795551 573288 1.3877
2219 31758 5.91883e-10 1.95495e-12 2.4811 0.0377071 0.0220039 1.71366 92101 61848 1.48915 2.01455e+06 813063 2.47773
547 41057 2.40623e-11 1.21775e-12 1.29578 0.042449 0.080303 0.528611 633147 694112 0.912168 1.23362e+08 1.39672e+08 0.883224
918 41767 4.78311e-12 3.3906e-12 0.149433 0.0683398 0.100825 0.677806 600275 494233 1.21456 4.6341e+07 2.94853e+07 1.57166
902 42204 3.41864e-14 2.73893e-14 0.0962722 0.0736799 0.14551 0.506356 428181 455870 0.939261 5.97729e+07 7.35559e+07 0.812619
1941 44945 1.01892e-12 1.04083e-15 2.99076 0.0288529 0.0165122 1.74738 70730 62164 1.1378 7.9856e+06 4.50762e+06 1.77158
224 47823 1.05638e-12 1.70078e-14 1.79317 0.0348449 0.0335209 1.0395 84162 68433 1.22985 6.71127e+06 4.31275e+06 1.55615
580 50523 6.53237e-09 3.19118e-12 3.31112 0.138014 0.168755 0.817837 1.43178e+06 1.46857e+06 0.974951 4.3199e+08 6.02113e+08 0.717456
756 50904 7.13454e-13 1.01993e-13 0.844794 0.062283 0.088062 0.707263 149114 159818 0.933024 1.87055e+06 1.71024e+06 1.09373
2564 51400 0.00144108 4.48672e-12 8.50676 0.048501 0.0340431 1.4247 155484 122551 1.26873 2.52806e+06 1.46732e+06 1.72291
748 53502 3.98158e-14 5.50351e-14 -0.140584 0.0466871 0.064517 0.72364 198724 204726 0.970683 4.34003e+06 5.06814e+06 0.856335
750 53502 6.2959e-14 6.41736e-14 -0.00829828 0.0471609 0.0635462 0.742151 196738 203768 0.9655 4.48315e+06 5.01646e+06 0.893688
