% id nnzA myErr umfErr logratio myElaps umfElaps ratio mynnz umfnnz ratio myflop umfflop ratio
 results = [1327 10143 1.34361e-15 4.58909e-16 0.466545 0.0390282 0.011905 3.27831 13137 12000 1.09475 148913 117073 1.27197 
2334 10466 8.45192e-14 2.8939e-14 0.465471 0.0414279 0.0105 3.94553 27836 13363 2.08307 635034 133181 4.7682 
331 12032 1.25039e-13 1.30449e-14 0.981606 0.038609 0.0206239 1.87205 91581 82234 1.11366 4.01309e+06 3.45026e+06 1.16313 
1613 12349 5.24192e-16 2.14768e-15 -0.612478 0.0647819 0.0230141 2.81488 75566 69202 1.09196 2.35382e+06 1.99164e+06 1.18185 
2562 12773 5.8479e-14 2.713e-14 0.33355 0.0437601 0.0148129 2.95418 39375 35545 1.10775 639691 492081 1.29997 
838 12233 1.68819e-15 3.68996e-15 -0.3396 0.0186169 0.00982404 1.89504 41217 30284 1.36102 955806 508893 1.87821 
227 14133 2.12047e-16 4.44822e-16 -0.321754 0.0739181 0.0305331 2.42092 161185 154159 1.04558 1.27164e+07 1.31481e+07 0.967164 
1053 10186 1.34725e-16 2.48368e-17 0.734355 0.0489841 0.0162461 3.01513 16424 14562 1.12787 96311 71874 1.34 
324 14585 3.04765e-16 1.82966e-16 0.221593 0.0710559 0.0258272 2.75121 88171 82079 1.07422 2.75252e+06 2.4188e+06 1.13796 
1378 14873 5.67344e-10 1.45508e-13 3.59096 0.0582161 0.015239 3.8202 21281 35269 0.603391 88252 209969 0.42031 
2655 14038 1.63654e-16 2.05575e-16 -0.0990434 0.0567808 0.0193441 2.93531 27123 22228 1.22022 247913 143029 1.73331 
329 17088 8.76852e-15 1.56387e-14 -0.251274 0.0520329 0.0146341 3.55559 63386 71497 0.886555 4.58289e+06 5.97747e+06 0.766694 
539 13151 1.3859e-16 1.38532e-16 0.000184157 0.0427151 0.021215 2.01344 19727 17159 1.14966 216742 121318 1.78656 
1865 18447 3.15035e-16 4.44089e-17 0.850888 0.0502479 0.0148871 3.37527 27932 19476 1.43418 164911 69694 2.36622 
734 15914 1.15929e-15 7.66222e-15 -0.820164 0.0601721 0.0243471 2.47143 51759 41332 1.25227 1.90021e+06 1.0943e+06 1.73646 
1633 18880 5.3488e-14 1.36478e-14 0.593194 0.0783799 0.0358241 2.18791 168854 150256 1.12378 9.48421e+06 8.36253e+06 1.13413 
830 19093 5.01968e-16 6.47798e-16 -0.110764 0.0981281 0.048974 2.00368 326739 330539 0.988504 4.44954e+07 5.4125e+07 0.822084 
545 17279 1.85031e-14 4.87446e-15 0.579318 0.0926321 0.060153 1.53994 202466 169222 1.19645 2.32655e+07 1.61905e+07 1.43699 
322 19996 9.30968e-17 1.38778e-17 0.826615 0.064472 0.023025 2.80008 25986 19996 1.29956 51567 27493 1.87564 
244 17628 1.99982e-16 2.94098e-16 -0.167502 0.082248 0.038244 2.15061 199270 184348 1.08094 1.70179e+07 1.46987e+07 1.15778 
336 20187 1.06094e-12 1.49409e-12 -0.148687 0.110844 0.0807369 1.3729 291023 281347 1.03439 2.16851e+07 1.96436e+07 1.10393 
246 19119 2.81752e-16 3.61188e-16 -0.107866 0.0728371 0.0288029 2.52881 142575 125288 1.13798 1.03163e+07 8.55386e+06 1.20605 
828 20841 3.82474e-16 2.28772e-16 0.2232 0.072427 0.031703 2.28455 123015 117817 1.04412 3.90729e+06 3.77687e+06 1.03453 
823 21118 1.35598e-15 2.45626e-15 -0.25802 0.0710778 0.0265539 2.67674 121867 101335 1.20262 7.37238e+06 5.11612e+06 1.44101 
1200 22162 3.45907e-15 1.40019e-14 -0.607226 0.0960901 0.0629239 1.52708 91168 64623 1.41077 1.31493e+06 547881 2.40003 
419 22460 2.78248e-14 1.77697e-15 1.19475 0.051296 0.0133281 3.84872 63901 40663 1.57148 2.63323e+06 962074 2.73703 
243 19256 1.70739e-15 2.66348e-15 -0.193116 0.0570109 0.0169179 3.36985 97327 125227 0.777205 8.58346e+06 1.56893e+07 0.547088 
755 22711 7.9566e-15 4.23427e-15 0.273949 0.09198 0.0633111 1.45283 63404 57517 1.10235 755178 576602 1.3097 
837 10931 1.20011e-15 1.01804e-15 0.0714565 0.0596819 0.03038 1.96451 42678 26152 1.63192 759971 194787 3.90155 
540 19848 1.06958e-17 5.68263e-17 -0.725336 0.0634961 0.02965 2.14152 25054 23794 1.05295 54981 47963 1.14632 
213 23186 1.21928e-16 1.23242e-16 -0.00465696 0.057245 0.0180199 3.17676 90936 72878 1.24778 9.994e+06 5.7865e+06 1.72712 
900 19039 9.74885e-15 1.09099e-15 0.951132 0.111803 0.074487 1.50097 161151 144842 1.1126 1.30159e+07 1.15247e+07 1.12939 
189 24002 5.80537e-13 1.33448e-14 1.63852 0.115748 0.0848038 1.36489 404277 295720 1.36709 3.91251e+07 1.95265e+07 2.00369 
2563 25662 2.54224e-14 4.4294e-15 0.758872 0.052223 0.026144 1.99751 84051 58787 1.42975 1.43215e+06 670948 2.13452 
754 19924 6.6342e-14 9.85092e-15 0.828312 0.0880442 0.0648808 1.35701 55341 46133 1.1996 693456 408396 1.698 
457 17363 2.24217e-15 2.08092e-15 0.0324143 0.0857089 0.0476811 1.79754 122672 105255 1.16547 8.12741e+06 7.69851e+06 1.05571 
917 26503 1.49123e-13 4.15266e-14 0.555217 0.127623 0.111043 1.14931 354262 262796 1.34805 2.31631e+07 1.08184e+07 2.1411 
2827 27415 5.02434e-17 5.97835e-17 -0.0755026 0.0725901 0.032516 2.23244 88561 79096 1.11966 2.41596e+06 2.0103e+06 1.20179 
332 29600 3.69518e-13 2.68895e-13 0.138052 0.094008 0.0586672 1.60239 276689 264334 1.04674 1.73198e+07 1.75998e+07 0.984091 
2656 29700 1.21555e-16 6.053e-16 -0.697199 0.064151 0.03303 1.9422 42004 35270 1.19093 256980 154560 1.66266 
2817 29121 2.65973e-13 2.55847e-14 1.01686 0.0636091 0.0204251 3.11427 107259 74274 1.4441 6.64245e+06 3.11061e+06 2.13542 
1187 32300 6.68098e-16 1.3861e-16 0.683047 0.106523 0.065202 1.63374 141512 155958 0.907372 4.18721e+06 6.55133e+06 0.63914 
384 29450 5.69724e-14 7.63932e-15 0.87261 0.05513 0.0207052 2.66261 108772 68307 1.5924 6.89901e+06 2.56176e+06 2.69308 
157 31184 1.79834e-15 1.0815e-13 -1.77916 0.0692091 0.0437131 1.58326 65979 59310 1.11244 843809 608851 1.3859 
156 31425 2.67238e-14 5.67625e-15 0.672837 0.0745602 0.045403 1.64219 68066 59320 1.14744 905132 604198 1.49807 
2350 32299 6.45152e-15 3.09258e-14 -0.680659 0.0743961 0.0455289 1.63404 58337 47819 1.21995 573074 280191 2.0453 
370 25344 1.23657e-16 8.00663e-17 0.188767 0.058146 0.0314341 1.84978 32196 31776 1.01322 658866 664292 0.991832 
1866 36879 5.31091e-15 4.44089e-17 2.0777 0.076328 0.037828 2.01777 64167 38932 1.64818 410561 139326 2.94677 
735 15914 6.38337e-16 7.6534e-15 -1.0788 0.0611591 0.0247371 2.47236 46647 40492 1.15201 1.42467e+06 1.04666e+06 1.36116 
568 27491 3.74829e-14 2.86818e-15 1.11623 0.12326 0.104389 1.18077 178937 121125 1.47729 1.97428e+07 7.12493e+06 2.77095 
424 37200 2.19535e-13 8.54202e-15 1.40994 0.057024 0.0231519 2.46304 129193 106196 1.21655 1.04307e+07 7.39047e+06 1.41137 
2351 36909 2.50818e-15 3.0266e-15 -0.0815957 0.092921 0.05988 1.55179 83320 61255 1.36022 1.18796e+06 477533 2.48771 
825 41814 4.66871e-15 4.48227e-15 0.0176992 0.0954838 0.0588748 1.62181 335415 276641 1.21246 3.16404e+07 2.23523e+07 1.41553 
918 41767 2.08673e-13 2.04757e-13 0.00822868 0.21528 0.18891 1.13959 630819 499882 1.26194 4.97469e+07 3.12245e+07 1.5932 
2352 39438 1.68584e-14 1.64386e-13 -0.989048 0.107494 0.0752881 1.42777 86790 63713 1.3622 1.26691e+06 427173 2.96579 
2348 34921 8.4819e-15 7.63997e-12 -2.9546 0.0908508 0.0625782 1.4518 83502 60781 1.37382 1.35121e+06 510490 2.64689 
547 41057 3.43944e-14 9.95339e-15 0.538516 0.185837 0.150797 1.23236 689367 714749 0.964488 1.3976e+08 1.47212e+08 0.949377 
372 34024 3.13042e-15 1.77864e-13 -1.75449 0.092175 0.0658522 1.39973 64287 53308 1.20595 394146 240534 1.63863 
2340 37272 2.11264e-15 1.49749e-15 0.149462 0.101243 0.071913 1.40785 67949 59583 1.14041 731462 430748 1.69812 
421 47901 1.40081e-14 1.36909e-14 0.00994509 0.0957119 0.061748 1.55004 233483 157351 1.48384 1.42375e+07 6.12081e+06 2.32608 
2346 35566 1.41716e-15 1.44942e-15 -0.00977644 0.096252 0.0670171 1.43623 67502 57030 1.18362 843698 413018 2.04276 
2341 37380 1.35232e-15 1.53829e-15 -0.0559573 0.089843 0.0722349 1.24376 66532 59744 1.11362 653104 431262 1.5144 
2353 42120 3.86601e-16 4.23702e-16 -0.039798 0.115514 0.089577 1.28955 78851 69025 1.14235 1.00802e+06 499714 2.0172 
1612 49699 1.49409e-15 8.72398e-15 -0.766337 0.144206 0.104319 1.38236 394509 399242 0.988145 2.21221e+07 2.31155e+07 0.957024 
2564 51400 1.19325e-13 1.65134e-12 -1.14111 0.080991 0.0601621 1.34621 174337 123486 1.4118 3.06638e+06 1.49454e+06 2.05171 
