% id nnzA myErr umfErr logratio myElaps umfElaps ratio mynnz umfnnz ratio myflop umfflop ratio 
 results = [2 12 1.85037e-17 1.85037e-17 0 0.00308887 0.000214736 14.3845 14 14 1 23 23 1 
3 33 5.55112e-17 3.46945e-17 0.20412 0.0032018 0.000274658 11.6574 51 43 1.18605 139 95 1.46316 
4 64 1.9082e-17 2.94903e-17 -0.189056 0.00305804 0.0081207 0.376573 106 100 1.06 339 302 1.12252 
5 105 1.66533e-16 5.0307e-17 0.519873 0.00320347 0.0081207 0.394482 195 179 1.08939 751 623 1.20546 
6 156 2.84061e-17 5.55112e-17 -0.290969 0.0114316 0.000766277 14.9184 318 300 1.06 1435 1252 1.14617 
7 217 1.11022e-16 1.38995e-16 -0.0975881 0.0116632 0.000953356 12.2338 493 461 1.06941 2642 2250 1.17422 
8 288 1.39212e-16 5.65954e-17 0.390895 0.0111479 0.00072964 15.2786 696 644 1.08075 4116 3386 1.21559 
9 369 1.25117e-16 3.84079e-17 0.512896 0.0116715 0.00116865 9.98715 923 931 0.991407 5851 6007 0.97403 
10 460 1.12757e-16 1.13191e-16 -0.00166716 0.0120367 0.00168737 7.13343 1258 1196 1.05184 9153 8028 1.14013 
11 561 1.87459e-16 1.41597e-16 0.121852 0.0119191 0.00168173 7.08742 1527 1511 1.01059 11161 10945 1.01974 
12 672 2.35922e-16 1.25822e-16 0.273014 0.0124912 0.00191124 6.53566 2042 1926 1.06023 17671 15325 1.15308 
13 793 3.30095e-17 1.34007e-16 -0.60849 0.0129841 0.00232538 5.58366 2465 2337 1.05477 22080 19740 1.11854 
14 924 1.56992e-16 1.98192e-16 -0.101208 0.0133397 0.00264525 5.04287 2954 2832 1.04308 27897 25306 1.10239 
15 1065 1.15142e-16 2.04928e-16 -0.250366 0.013104 0.0026207 5.00018 3439 3371 1.02017 35109 32543 1.07885 
16 1216 2.37007e-16 1.61329e-16 0.167047 0.0133315 0.00299899 4.44533 4206 3980 1.05678 46853 40038 1.17021 
17 1377 3.25034e-17 1.70057e-16 -0.718666 0.018538 0.00379499 4.88486 5085 4577 1.11099 62378 48088 1.29716 
18 1548 2.77664e-16 2.83505e-16 -0.00904135 0.0139337 0.00448775 3.10484 6150 5476 1.12308 82987 63856 1.2996 
19 1729 1.95915e-16 2.31369e-16 -0.0722363 0.0136143 0.00349236 3.89833 7273 6131 1.18627 107524 72819 1.47659 
20 1920 1.21458e-16 1.48983e-16 -0.0887113 0.0194333 0.00405939 4.78725 7720 7004 1.10223 109544 85922 1.27492 
21 2121 3.07534e-16 2.99019e-16 0.0121947 0.019453 0.00486771 3.99634 9145 7883 1.16009 146192 101643 1.43829 
22 2332 1.69136e-16 2.03518e-16 -0.0803686 0.0156126 0.00511201 3.0541 9500 9108 1.04304 141532 128092 1.10492 
23 2553 2.43729e-16 3.58532e-16 -0.167621 0.0234704 0.00549467 4.27148 11317 10169 1.11289 185414 151104 1.22706 
24 2784 3.20599e-16 1.40465e-16 0.358393 0.0233473 0.00567261 4.11579 12986 10998 1.18076 230271 157281 1.46407 
25 3025 2.19646e-16 3.10082e-16 -0.149753 0.0221446 0.00614333 3.60465 14387 12111 1.18793 266379 179797 1.48155 
26 3276 1.54096e-16 1.69786e-16 -0.0421117 0.0245363 0.00887442 2.76483 15220 13612 1.11813 273856 213984 1.2798 
27 3537 1.41e-16 1.70801e-16 -0.0832704 0.0254866 0.00810575 3.14426 16357 14845 1.10185 297586 241598 1.23174 
28 3808 3.07277e-16 1.78583e-16 0.23569 0.0254427 0.00687162 3.70257 18716 16248 1.1519 371498 271068 1.3705 
29 4089 3.47595e-16 2.84683e-16 0.086712 0.0264063 0.00891137 2.96321 19103 17555 1.08818 351353 299167 1.17444 
30 4380 3.21466e-16 3.40827e-16 -0.0253996 0.0290966 0.00795698 3.65674 22118 19562 1.13066 473363 354981 1.33349 
31 4681 1.89275e-16 3.07439e-16 -0.210667 0.0265397 0.00892202 2.97463 22897 20873 1.09697 458572 379948 1.20693 
32 4992 1.55393e-16 2.90014e-16 -0.270987 0.0283923 0.00830022 3.42067 25366 22776 1.11372 533237 434048 1.22852 
33 5313 3.78237e-16 1.10923e-16 0.532744 0.0272663 0.008636 3.15729 27637 24527 1.1268 603054 487213 1.23776 
34 5644 2.87039e-16 2.58627e-16 0.0452667 0.0299091 0.0095493 3.13207 29976 27016 1.10956 680334 564614 1.20495 
35 5985 2.23129e-16 2.80002e-16 -0.0986055 0.030796 0.0102321 3.00976 29687 28467 1.04286 627381 595539 1.05347 
36 6336 3.7447e-16 2.84407e-16 0.119476 0.0327733 0.010197 3.21402 34412 30486 1.12878 817414 643305 1.27065 
37 6697 2.91596e-16 3.26055e-16 -0.0485087 0.0333002 0.0120293 2.76827 34209 32445 1.05437 749304 706610 1.06042 
38 7068 2.90471e-16 1.8973e-16 0.184967 0.0313487 0.0112037 2.79807 39222 35152 1.11578 987339 789954 1.24987 
39 7449 2.80378e-16 2.96287e-16 -0.0239686 0.0344169 0.0128123 2.68624 41383 36893 1.1217 1.037e+06 833490 1.24416 
40 7840 1.81401e-16 2.00641e-16 -0.0437809 0.0351562 0.0133477 2.63388 44274 39942 1.10846 1.16189e+06 948777 1.22462 
41 8241 1.60195e-16 4.19725e-16 -0.418316 0.0364144 0.012891 2.8248 48189 41785 1.15326 1.29353e+06 989460 1.30731 
42 8652 2.35021e-16 3.70355e-16 -0.197511 0.0356223 0.013744 2.59185 49874 45388 1.09884 1.35165e+06 1.13901e+06 1.18669 
43 9073 3.73123e-16 3.02016e-16 0.0918226 0.0381346 0.0153577 2.4831 53227 47019 1.13203 1.47179e+06 1.1631e+06 1.26541 
44 9504 3.16235e-16 3.32715e-16 -0.0220623 0.0362877 0.0151633 2.39312 55558 52078 1.06682 1.55994e+06 1.43686e+06 1.08566 
45 9945 3.24229e-16 3.66987e-16 -0.0537988 0.0387536 0.015588 2.48612 57961 52341 1.10737 1.61096e+06 1.33394e+06 1.20767 
46 10396 1.9788e-16 4.93434e-16 -0.396826 0.0398855 0.0168423 2.36818 59054 55868 1.05703 1.60847e+06 1.45051e+06 1.1089 
47 10857 2.76492e-16 2.5785e-16 0.0303146 0.0414561 0.0185846 2.23066 67425 58419 1.15416 2.06366e+06 1.55441e+06 1.32762 
48 11328 4.24248e-16 3.93632e-16 0.0325296 0.0431275 0.0188456 2.28846 66558 63518 1.04786 1.95854e+06 1.79794e+06 1.08932 
49 11809 3.49836e-16 3.30271e-16 0.0249948 0.0445704 0.0210583 2.11652 73021 64617 1.13006 2.22717e+06 1.77637e+06 1.25378 
50 12300 2.30324e-16 1.61416e-16 0.154392 0.0445541 0.0215808 2.06453 79190 69326 1.14228 2.56069e+06 1.97838e+06 1.29433 
51 12801 3.1507e-16 3.07969e-16 0.00989959 0.0461703 0.0222947 2.07091 82685 71535 1.15587 2.65225e+06 2.05394e+06 1.2913 
52 13312 2.7839e-16 2.28282e-16 0.0861823 0.0464413 0.0228433 2.03304 80576 81418 0.989658 2.49256e+06 2.79272e+06 0.892524 
53 13833 3.70947e-16 2.32464e-16 0.202956 0.0473595 0.0240156 1.97203 84751 78417 1.08077 2.67373e+06 2.32682e+06 1.14909 
54 14364 1.76264e-16 5.08503e-16 -0.460131 0.0507753 0.0251759 2.01682 87784 84330 1.04096 2.75034e+06 2.60737e+06 1.05483 
55 14905 5.55772e-16 4.13504e-16 0.128417 0.0505668 0.0268316 1.8846 93355 85937 1.08632 3.12382e+06 2.65316e+06 1.17739 
56 15456 3.38032e-16 3.95267e-16 -0.0679321 0.0530633 0.0267293 1.98521 94900 94374 1.00557 3.02493e+06 3.15166e+06 0.959789 
57 16017 2.72387e-16 3.99619e-16 -0.166459 0.0516725 0.0276283 1.87027 101297 94737 1.06924 3.42814e+06 3.06298e+06 1.11922 
58 16588 2.84169e-16 2.50122e-16 0.0554259 0.057526 0.0279146 2.06078 112494 101734 1.10577 4.13759e+06 3.4474e+06 1.20021 
59 17169 3.2026e-16 2.57439e-16 0.0948278 0.0568191 0.0290023 1.95912 110909 103101 1.07573 3.8736e+06 3.49391e+06 1.10867 
60 17760 4.26544e-16 3.82419e-16 0.047424 0.0588071 0.0294197 1.9989 108606 115930 0.936824 3.5017e+06 4.48558e+06 0.780658 
61 18361 4.59707e-16 6.58312e-16 -0.155951 0.0588775 0.0320171 1.83894 119111 110523 1.0777 4.23463e+06 3.67937e+06 1.15091 
62 18972 5.80246e-16 4.80584e-16 0.0818422 0.0580087 0.0326954 1.77422 123626 121072 1.02109 4.3666e+06 4.48801e+06 0.97295 
63 19593 2.96972e-16 3.32525e-16 -0.0491087 0.0635367 0.0331184 1.91847 128901 119929 1.07481 4.84361e+06 4.15726e+06 1.16509 
64 20224 6.44816e-16 4.73111e-16 0.134472 0.0667117 0.0357113 1.86808 136606 130304 1.04836 5.23899e+06 4.80821e+06 1.08959 
65 20865 3.78525e-16 4.6202e-16 -0.0865654 0.0665204 0.0359684 1.84941 137479 130197 1.05593 5.16567e+06 4.67081e+06 1.10595 
66 21516 3.23092e-16 3.33892e-16 -0.0142796 0.0676421 0.0371253 1.82199 149926 141996 1.05585 6.13485e+06 5.63338e+06 1.08902 
67 22177 4.19772e-16 3.34726e-16 0.0983232 0.0669556 0.0390937 1.71269 146855 140485 1.04534 5.46502e+06 5.21104e+06 1.04874 
68 22848 3.87796e-16 3.65488e-16 0.0257301 0.0698467 0.0419379 1.66548 160434 156950 1.0222 6.47645e+06 6.67052e+06 0.970906 
69 23529 3.85857e-16 4.1404e-16 -0.0306163 0.0704997 0.0426844 1.65165 166251 151459 1.09766 7.00201e+06 5.86164e+06 1.19455 
