% id nnzA myErr umfErr logratio myElaps umfElaps ratio mynnz umfnnz ratio myflop umfflop ratio
 results = [449 15 1.38778e-17 2.77556e-17 -0.30103 0.000440867 0.091902 0.00479714 19 19 1 18 18 1
185 50 4.44089e-16 0 Inf 0.000458087 0.001699 0.269622 35 27 1.2963 101 51 1.98039
186 76 7.77156e-16 8.32667e-17 0.970037 0.000477185 0.000173 2.75829 38 48 0.791667 128 191 0.670157
1199 98 5.73985e-14 2.86229e-17 3.30219 0.000727121 0.000225 3.23165 148 130 1.13846 298 186 1.60215
13 131 8.32667e-17 8.32667e-17 0 0.000699281 0.000566 1.23548 154 162 0.950617 256 273 0.937729
464 144 8.65166e-16 1.83187e-15 -0.325795 0.00101029 0.000261 3.87084 228 208 1.09615 419 329 1.27356
97 160 4.16334e-16 9.71445e-17 0.632023 0.000643736 0.000172 3.74265 106 125 0.848 177 244 0.72541
14 167 1.249e-16 8.32667e-17 0.176091 0.00101078 0.000221 4.57366 181 187 0.967914 206 227 0.907489
1177 169 2.77556e-16 7.63278e-17 0.560667 0.000714342 0.000192 3.72053 108 152 0.710526 158 427 0.370023
232 180 2.63722e-09 1.07726e-15 6.38882 0.000684171 0.000205 3.33742 407 282 1.44326 2921 1263 2.31275
103 218 1.11022e-15 6.38378e-16 0.240332 0.000891704 0.000225 3.96313 305 276 1.10507 655 516 1.26938
133 222 2.77556e-17 6.93889e-18 0.60206 0.000923962 0.000293 3.15345 253 216 1.1713 278 157 1.7707
462 188 5.64823e-18 6.10623e-16 -2.03386 0.00108342 0.000261 4.15102 323 284 1.13732 625 494 1.26518
129 267 2.63678e-16 1.73472e-17 1.18184 0.000997267 0.000265 3.76327 364 331 1.0997 1020 805 1.26708
274 281 0 0 NaN 0.000871784 0.000236 3.694 219 261 0.83908 327 504 0.64881
109 291 5.55112e-17 3.46945e-17 0.20412 0.00082557 0.000248 3.32891 250 278 0.899281 512 555 0.922523
262 292 2.91434e-15 1.27676e-15 0.358431 0.00198139 0.000348 5.69366 684 641 1.06708 3549 3060 1.1598
861 306 1.38778e-17 8.58688e-17 -0.791515 0.00100478 0.000246 4.08447 503 503 1 999 999 1
172 196 6.75726e-16 4.35267e-16 0.191015 0.000883295 0.000247 3.57609 285 299 0.953177 996 1194 0.834171
132 320 1.38778e-17 8.32667e-17 -0.778151 0.000812109 0.000233 3.48545 344 323 1.06502 717 626 1.14537
296 211 3.74812e-20 1.43332e-16 -3.58253 0.000763253 0.000232 3.28988 391 329 1.18845 2377 1657 1.43452
264 63 8.67362e-17 5.53708e-17 0.194919 0.000614334 0.000177 3.47081 89 89 1 132 135 0.977778
106 377 1.44329e-15 6.51562e-15 -0.654602 0.00166434 0.00032 5.20107 707 711 0.994374 4015 4337 0.925755
318 396 9.47177e-15 9.78384e-16 0.985922 0.00120254 0.000176 6.8326 1062 396 2.68182 6067 543 11.1731
173 16 0 0 NaN 0.000442091 0.000123 3.59424 15 19 0.789474 10 15 0.666667
263 250 7.27618e-12 4.996e-16 4.16328 0.00132588 0.000278 4.76937 390 335 1.16418 749 533 1.40525
293 275 3.07913e-15 4.58184e-16 0.827389 0.000861235 0.000215 4.00574 417 359 1.16156 2537 1854 1.36839
15 476 2.22045e-16 6.66134e-17 0.522879 0.00141601 0.000393 3.60307 558 604 0.923841 973 1244 0.782154
334 467 7.17482e-15 7.52176e-15 -0.0205087 0.00187141 0.000472 3.96486 1756 1493 1.17616 16924 10467 1.61689
265 250 1.15774e-13 8.88178e-16 2.11511 0.00132148 0.000341 3.87531 383 333 1.15015 708 528 1.34091
11 523 1.11022e-15 7.76809e-15 -0.844904 0.00146518 0.000412 3.55626 868 1047 0.829035 4864 7263 0.669696
188 297 7.91988e-09 1.3573e-15 6.76604 0.00233737 0.000327 7.14793 758 747 1.01473 5957 5807 1.02583
136 541 9.99201e-16 1.24761e-14 -1.09643 0.00123589 0.000329 3.7565 725 725 1 3011 3041 0.990135
102 557 1.13798e-15 1.00614e-16 1.05348 0.00186603 0.000327 5.70652 367 514 0.714008 877 1682 0.521403
171 76 1.26797e-16 4.77049e-17 0.424548 0.000620086 0.000183 3.38845 102 93 1.09677 143 115 1.24348
158 527 6.17562e-16 4.51028e-17 1.13648 0.0016697 0.000411 4.06254 468 499 0.937876 760 896 0.848214
273 667 1.11022e-15 2.91434e-16 0.580871 0.00290358 0.000563 5.15733 1206 1230 0.980488 3738 3716 1.00592
1326 60 1.1817e-13 2.22046e-16 2.72606 0.0004829 0.000185 2.61027 157 73 2.15068 1131 149 7.5906
108 768 4.85723e-17 7.45931e-17 -0.18631 0.00285897 0.000479 5.96863 890 1281 0.69477 3876 7948 0.48767
298 796 8.54872e-14 5.45286e-17 3.19528 0.00155678 0.00032 4.86495 1406 994 1.41449 4445 1983 2.24155
1195 588 4.06715e-17 1.11239e-16 -0.436967 0.00127592 0.000368 3.46716 734 678 1.0826 1860 1602 1.16105
118 441 5.48173e-16 4.02456e-16 0.134199 0.0038412 0.000417 9.2115 675 648 1.04167 1473 1331 1.10669
2417 420 9.02056e-17 4.51028e-17 0.30103 0.00159016 0.000492 3.23203 850 930 0.913978 2839 3698 0.767712
1325 740 7.34837e-15 3.78871e-16 1.2877 0.00206937 0.000492 4.20604 1311 1181 1.11008 5932 4424 1.34087
2734 765 5.02043e-10 2.49464e-15 5.30373 0.00308474 0.000465 6.63384 3132 1579 1.98353 80874 14549 5.55873
253 274 4.76837e-07 8.67396e-17 9.74015 0.000910545 0.000216 4.21549 429 293 1.46416 1523 561 2.7148
313 935 1.66052e-14 1.06152e-15 1.19432 0.0035089 0.000519 6.76089 3841 2832 1.35629 54796 24490 2.23748
2416 476 0 1.11022e-16 -Inf 0.00153767 0.000508 3.02692 1004 1175 0.854468 3734 5504 0.678416
306 496 1.71738e-16 8.50015e-17 0.305439 0.000783069 0.000201 3.89587 684 496 1.37903 4458 2218 2.00992
1943 335 4.27436e-15 1.31839e-16 1.51083 0.000622147 0.000192 3.24035 223 323 0.690402 1055 2702 0.390452
323 1065 2.51364e-12 1.80411e-16 4.14404 0.00288393 0.000635 4.54162 4817 3371 1.42895 68337 32543 2.0999
141 883 9.31323e-10 3.496e-16 6.42553 0.00411541 0.000532 7.73573 2798 1519 1.842 56575 7553 7.4904
1630 1120 1.59635e-12 2.15661e-14 1.86936 0.0103167 0.000709 14.551 6007 3730 1.61046 111819 45215 2.47305
239 1128 3.4263e-08 1.2675e-16 8.43188 0.00341401 0.000665 5.13385 4832 3578 1.35048 60286 34486 1.74813
113 1182 0 1.23165e-16 -Inf 0.00232907 0.000607 3.83702 1079 1871 0.576697 3081 10149 0.303577
2338 1174 2.28866e-13 3.9826e-15 1.75941 0.00148492 0.000377 3.93877 1302 1319 0.987111 17865 16718 1.06861
316 1201 2.22072e-16 2.77556e-17 0.903143 0.00248803 0.000461 5.39704 1987 1993 0.996989 3947 3979 0.991958
6 687 4.8621e-16 3.51349e-17 1.14109 0.00177027 0.000316 5.60212 747 721 1.03606 4062 4107 0.989043
93 1296 1.80411e-16 1.37911e-16 0.116666 0.00167928 0.000656 2.55988 794 1989 0.399196 2910 7399 0.393296
175 319 4.34541e-16 5.66826e-12 -4.11542 0.0010226 0.000277 3.6917 534 527 1.01328 4376 4425 0.988927
174 248 2.86229e-17 8.61341e-17 -0.478461 0.00134716 0.000307 4.38813 357 348 1.02586 439 381 1.15223
94 1377 8.88178e-16 9.1073e-17 0.989111 0.00286579 0.000889 3.22361 2011 2565 0.784016 11502 19147 0.600721
1189 1109 4.44089e-16 1.03251e-14 -1.36642 0.00257033 0.00061 4.21366 1699 1502 1.13116 4629 3405 1.35947
115 544 6.80012e-16 6.41848e-17 1.02508 0.00133593 0.000356 3.75262 508 992 0.512097 1391 6856 0.202888
119 1461 1.68754e-14 1.36002e-15 1.09371 0.0045064 0.000774 5.82222 2641 2687 0.982881 15390 16781 0.917109
95 1491 5.68989e-16 1.72701e-16 0.517808 0.00505307 0.001034 4.88691 2075 4669 0.444421 10492 62760 0.167177
215 1360 7.65965e-12 1.36804e-14 2.74811 0.00409171 0.000899 4.55141 5275 4196 1.25715 67079 39918 1.68042
1198 796 1.39266e-12 5.55654e-16 3.39904 0.00170772 0.000484 3.52835 1198 1135 1.05551 4603 3962 1.16179
2559 1514 4.87553e-12 4.15399e-15 3.06956 0.00669962 0.000686 9.76622 3733 3214 1.16148 49214 36841 1.33585
1112 708 2.43131e-12 7.2197e-16 3.52732 0.00192855 0.000512 3.76669 1143 1062 1.07627 3225 2678 1.20426
16 1612 8.65974e-15 1.25594e-15 0.838536 0.00401604 0.000924 4.34637 1906 2445 0.77955 7481 14757 0.506946
1169 1564 2.29807e-11 1.11022e-16 5.31595 0.00328496 0.000824 3.9866 2702 2415 1.11884 9050 6668 1.35723
17 1623 6.245e-15 4.71845e-16 1.12173 0.00755099 0.001026 7.35964 2193 2244 0.977273 5079 5289 0.960295
117 1629 1.60982e-15 8.6876e-16 0.267878 0.00405303 0.000894 4.53359 2485 4443 0.559307 13414 55043 0.2437
268 429 1.19123e-14 7.80192e-16 1.1838 0.00169395 0.000319 5.31018 723 616 1.1737 2810 2185 1.28604
116 1743 1.89293e-14 9.28164e-15 0.30951 0.00389961 0.000856 4.55562 4280 4425 0.967232 43941 51779 0.848626
1641 324 2.12574e-12 1.17961e-16 4.25577 0.000449068 0.000159 2.82433 324 324 1 3723 3723 1
