% id nnzA myErr umfErr logratio myElaps umfElaps ratio mynnz umfnnz ratio myflop umfflop ratio 
 results = [1441 100015 2.11757e-16 1.0352e-16 0.310813 0.062043 0.0184822 3.3569 184699 134859 1.36957 9.45069e+06 5.01736e+06 1.8836 
1624 102245 1.01652e-13 3.0057e-12 -1.47083 0.0830619 0.0555272 1.49588 455194 203770 2.23386 2.51865e+07 4.1911e+06 6.00952 
2565 102863 2.13469e-14 8.24761e-05 -9.58699 0.109347 0.10511 1.04031 345995 242551 1.42648 6.00719e+06 2.8542e+06 2.10468 
582 102043 1.69579e-13 5.18544e-13 -0.485413 0.4299 0.49459 0.869205 3.42092e+06 5.02859e+06 0.680294 1.20937e+09 3.68456e+09 0.328226 
549 104754 3.04905e-13 3.31e-14 0.964337 0.361546 0.330681 1.09334 2.19533e+06 2.60963e+06 0.84124 7.50745e+08 1.12851e+09 0.665257 
2828 133458 1.07317e-16 5.88392e-17 0.261002 0.144547 0.174955 0.826197 313489 268151 1.16908 6.22584e+06 4.48133e+06 1.38928 
395 131268 1.16851e-11 2.17363e-14 2.73045 0.0959589 0.0894029 1.07333 791946 472516 1.67602 9.72044e+07 2.99505e+07 3.2455 
551 141966 2.68574e-13 2.52448e-14 1.02689 0.594239 0.4511 1.31731 3.24054e+06 4.34617e+06 0.745607 1.37882e+09 2.97011e+09 0.464232 
1874 156446 4.28879e-13 8.00303e-13 -0.27092 0.202527 0.211287 0.95854 291207 226984 1.28294 3.34794e+06 1.43923e+06 2.3262 
584 153563 3.97031e-13 7.06077e-13 -0.250027 0.704495 0.869519 0.810213 5.76057e+06 1.01418e+07 0.568001 2.29533e+09 1.02055e+10 0.224912 
574 130528 2.80824e-13 1.95481e-13 0.15733 0.626245 0.537286 1.16557 1.33084e+06 1.08004e+06 1.23222 2.77096e+08 1.86026e+08 1.48955 
289 175027 9.4616e-16 9.21527e-16 0.0114563 0.412697 0.359814 1.14697 1.96835e+06 1.90537e+06 1.03305 3.05976e+08 2.77655e+08 1.102 
833 177196 1.65942e-15 2.31167e-15 -0.143969 1.27545 0.86409 1.47606 7.71365e+06 1.05378e+07 0.731996 4.66124e+09 9.07319e+09 0.513737 
2820 174556 1.4178e-12 8.55141e-13 0.219577 0.119808 0.135731 0.882687 1.13161e+06 706307 1.60215 1.53438e+08 5.15114e+07 2.97871 
1862 191368 1.01197e-10 4.80712e-10 -0.676715 1.30231 1.43485 0.90763 1.17318e+07 1.3899e+07 0.844072 7.70684e+09 1.30866e+10 0.588909 
1371 131607 1.0957e-17 4.08464e-14 -3.57146 0.301388 0.241381 1.2486 203450 185383 1.09746 1.30109e+06 845107 1.53955 
552 179578 2.21129e-13 1.97476e-13 0.0491312 0.740931 0.595444 1.24433 4.42056e+06 5.36953e+06 0.823266 1.99099e+09 3.37593e+09 0.58976 
2566 206063 1.03231e-13 1.96674e-09 -4.27994 0.230585 0.221224 1.04231 696786 474973 1.467 1.21432e+07 5.4592e+06 2.22435 
576 164537 1.52699e-13 1.81331e-13 -0.0746348 0.604255 0.676257 0.893529 1.78839e+06 1.57114e+06 1.13827 4.15146e+08 3.30117e+08 1.25757 
284 213896 8.11482e-15 1.9196e-15 0.626069 0.469056 0.57099 0.821478 1.37442e+06 901319 1.52489 2.08361e+08 8.83209e+07 2.35914 
586 205083 4.99436e-13 1.89852e-12 -0.579935 0.798353 1.16706 0.68407 7.88162e+06 1.44922e+07 0.543851 3.2132e+09 1.52257e+10 0.211038 
431 124358 3.20257e-16 2.86121e-16 0.0489484 0.103673 0.084398 1.22838 645676 602624 1.07144 3.90764e+07 3.34532e+07 1.16809 
2814 109117 9.5747e-14 1.3059e-13 -0.134786 0.288033 0.175963 1.6369 2.64712e+06 3.43705e+06 0.770171 6.07048e+08 1.307e+09 0.464458 
969 130500 7.37119e-15 1.14659e-13 -1.19187 0.202815 0.16035 1.26483 1.12261e+06 1.08262e+06 1.03693 9.85959e+07 9.82612e+07 1.00341 
1375 187925 2.57393e-17 1.21081e-15 -1.67248 0.391678 0.425169 0.921229 289352 267410 1.08205 1.64041e+06 1.1786e+06 1.39183 
1319 254551 2.50303e-16 4.92263e-16 -0.293732 0.315959 0.254154 1.24318 2.00596e+06 2.21171e+06 0.90697 2.31952e+08 3.12204e+08 0.742952 
415 174622 2.50139e-16 1.62314e-16 0.187825 0.08707 0.068136 1.27789 498974 401398 1.24309 2.89315e+07 1.73044e+07 1.67191 
578 198542 8.85361e-13 2.52189e-13 0.545394 0.813434 0.800211 1.01652 2.19832e+06 2.0447e+06 1.07513 5.14165e+08 5.03378e+08 1.02143 
452 237759 3.08935e-16 3.15115e-16 -0.00860184 0.729381 0.817061 0.892688 1.12128e+06 802277 1.39762 2.99998e+07 1.47732e+07 2.03069 
1428 281150 4.89933e-16 5.9552e-16 -0.0847594 0.950184 0.660993 1.43751 7.37957e+06 1.22036e+07 0.604703 3.30513e+09 9.89308e+09 0.334085 
588 256603 4.96638e-13 3.38262e-13 0.166787 0.99747 1.48806 0.670314 1.02217e+07 1.86837e+07 0.547093 4.3133e+09 1.94108e+10 0.222211 
554 254780 1.90536e-13 9.70599e-14 0.292938 1.04327 0.862878 1.20906 6.88901e+06 9.87118e+06 0.697891 3.61572e+09 9.8147e+09 0.368399 
814 293409 3.27651e-16 7.57285e-16 -0.363848 0.224823 0.127634 1.76146 1.86643e+06 2.2676e+06 0.823088 6.60516e+08 1.11449e+09 0.592664 
920 268032 1.03844e-12 9.19352e-13 0.0528992 1.12703 0.871066 1.29385 6.86481e+06 1.23296e+07 0.556776 5.36445e+09 1.52002e+10 0.352919 
2821 302824 3.94375e-12 2.00225e-10 -1.70561 0.324375 0.248756 1.30399 2.51048e+06 1.64444e+06 1.52665 4.66451e+08 1.64159e+08 2.84145 
446 324759 1.34927e-13 9.20235e-12 -1.8338 0.16299 0.214472 0.759958 2.44721e+06 3.43398e+06 0.712645 4.8356e+08 9.21676e+08 0.524653 
1436 322253 3.42633e-13 1.46711e-13 0.368367 0.216162 0.241313 0.895774 2.03026e+06 1.66479e+06 1.21954 2.40123e+08 1.51502e+08 1.58495 
809 152001 7.6302e-17 1.08896e-16 -0.154475 0.364379 0.30168 1.20783 1.81692e+06 1.91086e+06 0.950837 2.0322e+08 2.60642e+08 0.779688 
1413 328167 2.40769e-15 3.25977e-16 0.868414 0.444443 0.536512 0.828393 1.33609e+06 1.05558e+06 1.26573 6.15259e+07 3.5754e+07 1.72081 
448 307258 2.62485e-13 7.68541e-15 1.53344 0.266338 0.298892 0.891086 3.27273e+06 3.41514e+06 0.9583 8.96919e+08 8.76775e+08 1.02297 
283 326852 2.42783e-13 2.98764e-14 0.909889 0.819091 0.909032 0.901059 4.15515e+06 3.63059e+06 1.14448 1.81587e+09 1.95115e+09 0.930665 
590 308123 9.41661e-13 2.79932e-11 -1.47316 1.23009 1.83752 0.669427 1.23914e+07 2.88058e+07 0.430172 5.2534e+09 4.12487e+10 0.127359 
927 352762 3.39844e-16 3.74955e-16 -0.0426994 0.931758 0.561419 1.65965 5.6172e+06 8.35171e+06 0.672581 2.47515e+09 6.28399e+09 0.393882 
983 370763 3.19219e-13 2.86967e-14 1.04626 3.63815 3.5707 1.01889 2.29845e+07 3.8381e+07 0.598851 1.89436e+10 5.6138e+10 0.337448 
1869 381326 5.44216e-16 6.18321e-16 -0.0554433 0.816967 0.792503 1.03087 1.27085e+06 1.3954e+06 0.910741 1.42602e+08 1.69276e+08 0.842426 
556 329983 8.49196e-13 3.21175e-13 0.422267 1.36042 1.18207 1.15088 9.25993e+06 1.32248e+07 0.700195 5.29791e+09 1.30394e+10 0.406301 
970 237130 8.81943e-16 4.50909e-14 -1.70865 0.374338 0.343976 1.08827 2.49783e+06 2.89138e+06 0.863889 3.16897e+08 4.56996e+08 0.693435 
445 373235 8.65465e-11 3.08496e-10 -0.552 0.30257 0.386464 0.782919 4.55032e+06 3.05488e+06 1.48952 1.15623e+09 4.08541e+08 2.83016 
592 359635 7.98327e-13 9.7014e-13 -0.0846537 1.40183 2.17857 0.643467 1.46371e+07 3.87817e+07 0.377423 6.28348e+09 6.61606e+10 0.0949731 
2567 412136 2.39008e-13 0.0294801 -11.0911 0.363491 0.555784 0.654015 1.40066e+06 967526 1.44768 2.44741e+07 1.13251e+07 2.16105 
1405 187098 1.5252e-16 9.75313e-17 0.194183 0.0613899 0.0262742 2.33651 243070 208496 1.16583 7.13171e+06 5.20556e+06 1.37002 
2335 430820 1.76367e-14 1.21868e-13 -0.839474 0.311338 0.27027 1.15195 3.30327e+06 2.87258e+06 1.14993 9.17933e+08 6.52994e+08 1.40573 
954 200038 1.55376e-14 4.27472e-14 -0.439524 0.323984 0.305624 1.06007 1.94007e+06 2.34442e+06 0.827527 1.96239e+08 3.20524e+08 0.612243 
435 456188 9.32668e-13 1.28754e-13 0.859967 0.408031 0.557715 0.731612 5.1415e+06 2.39577e+06 2.14607 2.12699e+09 3.64232e+08 5.83967 
558 405195 1.20688e-12 9.30896e-14 1.11276 1.68954 1.58577 1.06544 1.25236e+07 2.16826e+07 0.57759 8.34189e+09 3.03992e+10 0.274412 
291 460598 2.53303e-15 3.23254e-15 -0.105904 0.846036 0.770564 1.09794 8.38751e+06 8.31791e+06 1.00837 2.87182e+09 2.67591e+09 1.07321 
1345 452007 1.30383e-16 4.44199e-17 0.467644 86.2048 86.607 0.995356 2.08265e+06 757176 2.75055 1.64238e+08 6.77121e+06 24.2553 
894 164188 2.46673e-16 6.16682e-17 0.60206 0.274182 0.363243 0.754816 199848 164188 1.21719 325521 164187 1.98262 
1333 389158 5.82191e-16 9.37383e-16 -0.206852 0.606973 0.829038 0.732141 2.25417e+06 2.15411e+06 1.04645 5.27769e+08 5.75783e+08 0.91661 
