% id nnzA myErr umfErr logratio myElaps umfElaps ratio mynnz umfnnz ratio myflop umfflop ratio
 results = [449 15 1.38778e-17 2.77556e-17 -0.30103 0.000433578 0.087805 0.00493796 19 19 1 18 18 1
185 50 4.44089e-16 0 Inf 0.000406464 0.001891 0.214947 35 27 1.2963 101 51 1.98039
186 76 7.77156e-16 8.32667e-17 0.970037 0.000470949 0.000181 2.60193 38 48 0.791667 128 191 0.670157
1199 98 5.73985e-14 2.86229e-17 3.30219 0.000699631 0.000264 2.65012 148 130 1.13846 298 186 1.60215
464 144 8.65166e-16 1.83187e-15 -0.325795 0.0010362 0.000549 1.88742 228 208 1.09615 419 329 1.27356
462 188 5.64823e-18 6.10623e-16 -2.03386 0.00102441 0.000262 3.90998 323 284 1.13732 625 494 1.26518
262 292 2.91434e-15 1.27676e-15 0.358431 0.00336845 0.000357 9.43542 684 641 1.06708 3549 3060 1.1598
172 196 6.75726e-16 4.35267e-16 0.191015 0.000853156 0.000241 3.54007 285 299 0.953177 996 1194 0.834171
264 63 8.67362e-17 5.53708e-17 0.194919 0.000569566 0.000197 2.8912 89 89 1 132 135 0.977778
173 16 0 0 NaN 0.00042176 0.000173 2.43792 15 19 0.789474 10 15 0.666667
263 250 7.27618e-12 4.996e-16 4.16328 0.00129461 0.000306 4.23074 390 335 1.16418 749 533 1.40525
334 467 7.17482e-15 7.52176e-15 -0.0205087 0.00290847 0.000473 6.14898 1756 1493 1.17616 16924 10467 1.61689
265 250 1.15774e-13 8.88178e-16 2.11511 0.00133454 0.000284 4.6991 383 333 1.15015 708 528 1.34091
171 76 1.26797e-16 4.77049e-17 0.424548 0.00066564 0.000198 3.36182 102 93 1.09677 143 115 1.24348
158 527 6.17562e-16 4.51028e-17 1.13648 0.00160845 0.000461 3.48904 468 499 0.937876 760 896 0.848214
273 667 1.11022e-15 2.91434e-16 0.580871 0.00264911 0.000555 4.77316 1206 1230 0.980488 3738 3716 1.00592
1326 60 1.1817e-13 2.22046e-16 2.72606 0.00053745 0.000165 3.25727 157 73 2.15068 1131 149 7.5906
1325 740 7.34837e-15 3.78871e-16 1.2877 0.00207418 0.000572 3.62619 1311 1181 1.11008 5932 4424 1.34087
313 935 1.66052e-14 1.06152e-15 1.19432 0.00301178 0.000483 6.23556 3841 2832 1.35629 54796 24490 2.23748
1943 335 4.27436e-15 1.31839e-16 1.51083 0.000676501 0.000215 3.14652 223 323 0.690402 1055 2702 0.390452
141 883 9.31323e-10 3.496e-16 6.42553 0.00411719 0.000517 7.96362 2798 1519 1.842 56575 7553 7.4904
2338 1174 2.28866e-13 3.9826e-15 1.75941 0.00145781 0.000358 4.0721 1302 1319 0.987111 17865 16718 1.06861
175 319 4.34541e-16 5.66826e-12 -4.11542 0.0011495 0.000265 4.33775 534 527 1.01328 4376 4425 0.988927
174 248 2.86229e-17 8.61341e-17 -0.478461 0.00146447 0.000289 5.06738 357 348 1.02586 439 381 1.15223
2559 1514 4.87553e-12 4.15399e-15 3.06956 0.00352732 0.000633 5.57238 3733 3214 1.16148 49214 36841 1.33585
268 429 1.19123e-14 7.80192e-16 1.1838 0.00173957 0.000386 4.50665 723 616 1.1737 2810 2185 1.28604
1641 324 2.12574e-12 1.17961e-16 4.25577 0.000438174 0.000153 2.86388 324 324 1 3723 3723 1
335 1847 4.05772e-14 1.01177e-12 -1.3968 0.0075193 0.001604 4.68784 11379 11022 1.03239 218509 204574 1.06812
267 1255 1.88922e-14 5.34295e-15 0.548502 0.00727039 0.000857 8.48354 3414 2921 1.16878 25395 22666 1.1204
266 2053 7.68549e-13 4.3575e-15 2.24643 0.0108951 0.001404 7.76008 10493 9956 1.05394 277703 205280 1.3528
1639 324 2.12574e-12 1.17961e-16 4.25577 0.00044777 0.000249 1.79827 324 324 1 3723 3723 1
1864 2319 2.42029e-13 1.11022e-16 3.33846 0.00309194 0.00052 5.94604 3223 2325 1.38624 17632 7744 2.27686
2015 2400 5.73527e-15 1.59872e-14 -0.445219 0.0178771 0.003013 5.93331 9756 15856 0.615288 99782 488445 0.204285
149 1217 0.000450897 5.78981e-17 12.8914 0.00260839 0.000604 4.31853 3598 2438 1.4758 34598 12812 2.70044
269 1966 1.08282e-14 5.22117e-15 0.316787 0.00866603 0.001222 7.09168 5913 5494 1.07627 56505 54850 1.03017
255 884 1.75771e-15 2.52832e-15 -0.157885 0.00222099 0.000524 4.23852 1832 1551 1.18117 16956 9538 1.77773
824 3019 3.56789e-14 6.80536e-15 0.71956 0.00767856 0.001174 6.54051 8582 6663 1.28801 222757 119978 1.85665
256 748 1.68106e-16 8.2781e-15 -1.69235 0.00434483 0.000546 7.95756 1419 1360 1.04338 7771 7298 1.06481
2560 3170 4.39409e-11 3.346e-15 4.11834 0.00693232 0.00119 5.82548 7525 7494 1.00414 98841 96976 1.01923
257 1743 8.72219e-15 6.80879e-15 0.107556 0.00447104 0.000796 5.61688 3817 3371 1.1323 44719 33760 1.32461
270 2604 8.73607e-14 1.11022e-15 1.89591 0.00988768 0.001486 6.65389 4600 3782 1.21629 16003 9043 1.76966
1637 324 2.12574e-12 1.17961e-16 4.25577 0.000440019 0.000201 2.18915 324 324 1 3723 3723 1
87 125 6.48787e-16 1.52656e-16 0.628389 0.000881334 0.000202 4.36304 187 173 1.08092 332 291 1.14089
88 583 1.42109e-14 5.82867e-16 1.38705 0.00230104 0.000537 4.28499 991 887 1.11725 2989 2049 1.45876
89 818 1.42109e-14 2.56739e-16 1.74313 0.00268089 0.000864 3.10289 1448 1352 1.07101 4349 3844 1.13137
450 3235 3.27312e-13 2.74729e-15 2.07606 0.0130508 0.001823 7.15899 8256 6100 1.35344 50699 24928 2.03382
451 3734 3.41198e-16 2.0834e-15 -0.785766 0.0153904 0.002168 7.0989 12296 6670 1.84348 128239 25881 4.95495
90 1105 8.02484e-15 3.77956e-15 0.326995 0.00396481 0.00077 5.1491 2080 1869 1.11289 8972 6656 1.34796
83 1014 2.36085e-15 1.13451e-15 0.31826 0.0036249 0.000692 5.2383 1966 1626 1.2091 9301 5517 1.68588
84 1091 4.61149e-14 2.40433e-15 1.28285 0.0035857 0.000771 4.65071 2189 1952 1.12141 11134 8331 1.33645
85 1880 2.37605e-14 2.88138e-15 0.916256 0.00699047 0.001221 5.7252 4047 3593 1.12636 24357 17357 1.4033
86 1155 1.06581e-14 2.68297e-15 0.599066 0.00377424 0.000809 4.66532 2233 2068 1.07979 11328 9232 1.22704
1638 324 2.12574e-12 1.17961e-16 4.25577 0.000420634 0.000174 2.41744 324 324 1 3723 3723 1
271 3988 3.99711e-14 1.88738e-15 1.32589 0.0151754 0.002106 7.2058 7429 6055 1.22692 29991 16475 1.82039
1896 5056 9.32355e-15 1.59097e-15 0.767918 0.0184466 0.002714 6.79684 17011 14483 1.17455 244220 174207 1.4019
2561 6333 5.70062e-11 3.72228e-15 4.18511 0.016845 0.002033 8.28578 16447 15777 1.04247 227399 205627 1.10588
272 5453 4.99983e-14 1.22125e-15 1.61215 0.0210661 0.00281 7.49684 10475 8077 1.29689 45170 20102 2.24704
893 2473 5.77264e-21 1.249e-16 -4.33519 0.00678691 0.000737 9.20883 4061 2473 1.64214 8943 2472 3.61772
208 4744 7.92933e-14 1.4625e-14 0.73414 0.0185476 0.002239 8.28388 11663 11611 1.00448 270225 307293 0.879372
287 7764 4.25006e-15 2.77556e-16 1.18505 0.0183144 0.003109 5.89076 19988 14345 1.39338 138810 53153 2.61152
467 25 5.55112e-17 0 Inf 0.000473442 0.000101 4.68754 25 25 1 24 24 1
1640 324 2.12574e-12 1.17961e-16 4.25577 0.000408356 0.000141 2.89614 324 324 1 3723 3723 1
1327 10143 1.97392e-12 1.28684e-15 3.1858 0.0233668 0.002347 9.95603 20081 12194 1.64679 205109 126789 1.61772
1535 8423 2.8447e-13 6.90961e-15 1.61458 0.030543 0.003941 7.75007 24226 17604 1.37616 217424 92911 2.34013
836 8394 2.0638e-13 8.99281e-15 1.36077 0.0299716 0.003913 7.6595 24510 18747 1.30741 229851 114356 2.00996
2562 12773 2.61001e-10 6.92263e-14 3.57637 0.0369373 0.004107 8.99375 35032 35192 0.995454 517559 484665 1.06787
1170 62 2.08167e-17 1.04083e-17 0.30103 0.000588965 0.000158 3.72763 88 83 1.06024 87 74 1.17568
838 12233 1.57964e-14 4.68585e-15 0.527769 0.0168736 0.002443 6.90691 37893 29783 1.2723 783285 497815 1.57345
1942 3802 3.62488e-14 4.75314e-16 1.88231 0.00327011 0.000616 5.30863 2154 4705 0.457811 24824 141343 0.175629
329 17088 6.01991e-11 1.18485e-13 2.70593 0.0459959 0.004959 9.27523 56682 71963 0.787655 3.78759e+06 6.13661e+06 0.617212
1865 18447 2.70006e-13 1.11022e-16 3.38596 0.0259757 0.004801 5.41047 28960 18453 1.56939 178823 61504 2.9075
734 15914 2.92668e-14 2.15983e-13 -0.868046 0.0428229 0.00536 7.98934 50965 41584 1.22559 1.84134e+06 1.11805e+06 1.64693
545 17279 2.90945e-11 9.70964e-14 2.47661 0.118698 0.016806 7.06284 191802 184760 1.03811 2.10129e+07 2.09614e+07 1.00246
336 20187 3.35341e-12 4.27308e-12 -0.105253 0.115904 0.022321 5.19258 276249 284148 0.972201 2.00627e+07 2.01349e+07 0.996418
460 6001 1.01254e-13 1.1536e-15 1.94336 0.0261411 0.00347 7.53344 27011 17984 1.50195 628602 229310 2.74128
