% id nnzA myErr umfErr logratio myElaps umfElaps ratio mynnz umfnnz ratio myflop umfflop ratio
 results = [311 2500 9.06479e-16 1.38808e-16 0.814942 1.40906 0.001812 777.624 12703 9829 1.2924 258683 158563 1.63142
121 2523 1.84112e-15 1.93905e-15 -0.0225071 5.67147 0.00203 2793.83 4138 10267 0.403039 26727 234157 0.114141
100 2540 2.91156e-14 1.26583e-15 1.36175 3.84097 0.001562 2459 3817 5702 0.669414 26728 67926 0.393487
1634 2580 2.13329e-11 1.40757e-13 2.18058 9.88443 0.001504 6572.09 21958 11090 1.97998 743318 217256 3.42139
149 1217 0.000450897 5.78981e-17 12.8914 0.278527 0.000849 328.064 3598 2438 1.4758 34598 12812 2.70044
212 2572 256 1.15672e-16 18.345 2.70931 0.002009 1348.58 5065 2846 1.77969 108599 35079 3.09584
2749 2699 1.86084e-11 1.05378e-14 3.24696 166.95 0.001784 93582.1 33760 5828 5.79272 3.07086e+06 59469 51.6381
203 2716 3.51788e-13 1.13697e-13 0.490533 4.28284 0.001742 2458.57 14562 13854 1.0511 308891 297865 1.03702
929 2779 7.97873e-13 2.34838e-16 3.53117 1.80636 0.001325 1363.29 13670 8663 1.57798 292631 115896 2.52494
190 2237 6.15183e-06 2.83746e-14 8.33608 6.72376 0.001777 3783.77 14821 14073 1.05315 448493 392846 1.14165
269 1966 1.08282e-14 5.22117e-15 0.316787 1.13487 0.001734 654.483 5913 5494 1.07627 56505 54850 1.03017
307 1436 1.85182e-16 7.97973e-17 0.36561 0.215555 0.000549 392.632 2307 1444 1.59765 15879 5466 2.90505
2718 2903 2.43987e-13 7.37951e-15 1.51934 2.38586 0.001713 1392.8 12586 8036 1.5662 264418 82107 3.22041
295 1555 4.43693e-19 1.3527e-16 -2.48412 1.02388 0.000714 1434 6344 4284 1.48086 118994 53526 2.22311
98 2916 1.87628e-14 1.98582e-15 0.975356 3.8729 0.001497 2587.11 5732 7797 0.735155 73363 143237 0.512179
1627 2814 2.28882e-07 8.20524e-16 8.44552 0.585102 0.001903 307.463 5147 5226 0.984883 21195 22795 0.929809
124 2953 6.05072e-15 4.80838e-15 0.099808 3.10775 0.001855 1675.33 5309 9219 0.575876 35787 152432 0.234774
255 884 1.75771e-15 2.52832e-15 -0.157885 0.313479 0.000552 567.897 1832 1551 1.18117 16956 9538 1.77773
99 3082 1.50916e-13 4.00287e-15 1.57636 3.71411 0.001581 2349.21 6194 8051 0.769345 80287 141534 0.567263
824 3019 3.56789e-14 6.80536e-15 0.71956 5.18326 0.001265 4097.44 8582 6663 1.28801 222757 119978 1.85665
126 1613 2.73855e-15 7.83324e-16 0.543579 0.543467 0.001168 465.297 2153 2990 0.720067 9267 19483 0.475645
256 748 1.68106e-16 8.2781e-15 -1.69235 0.227569 0.000731 311.311 1419 1360 1.04338 7771 7298 1.06481
2560 3170 4.39409e-11 3.346e-15 4.11834 2.39091 0.001213 1971.07 7525 7494 1.00414 98841 96976 1.01923
123 3214 1.63723e-13 2.01818e-14 0.909151 6.4696 0.001513 4276.01 10222 10912 0.936767 214363 235657 0.90964
257 1743 8.72219e-15 6.80879e-15 0.107556 1.07089 0.000788 1359 3817 3371 1.1323 44719 33760 1.32461
328 3234 7.24792e-07 4.3715e-16 9.21958 0.593657 0.002278 260.605 5808 5969 0.973027 24085 24791 0.971522
2691 3477 7.51562e-12 3.00873e-15 3.39758 59.3829 0.001382 42968.8 36139 8809 4.10251 2.47014e+06 108129 22.8444
114 3493 2.11636e-15 8.49828e-15 -0.603741 10.1117 0.00194 5212.21 2372 10788 0.219874 11882 420976 0.0282249
128 1564 2.28521e-15 5.98836e-16 0.581618 0.997056 0.001203 828.808 2749 3653 0.752532 24914 48668 0.511917
270 2604 8.73607e-14 1.11022e-15 1.89591 0.589359 0.001674 352.066 4600 3782 1.21629 16003 9043 1.76966
1637 324 2.12574e-12 1.17961e-16 4.25577 0.00166141 0.000306 5.42945 324 324 1 3723 3723 1
125 3563 1.8439e-14 2.05302e-14 -0.0466574 5.49806 0.002743 2004.4 9574 15883 0.602783 110453 373694 0.295571
2429 3640 6.65856e-14 2.73855e-14 0.38586 2.79861 0.00461 607.074 11916 12569 0.948047 139987 158511 0.883137
292 1961 1.49827e-13 9.00905e-15 1.22091 0.694851 0.000861 807.028 5783 4653 1.24285 101793 62835 1.62
240 3427 7.47162e-14 2.58171e-16 2.46151 20.2453 0.002076 9752.06 32067 17857 1.79577 1.14421e+06 474464 2.41158
251 2248 8.20763e-09 8.10795e-16 7.00531 2.04274 0.001131 1806.14 10931 8237 1.32706 307931 209976 1.46651
245 3228 5.72841e-11 2.13967e-16 5.42769 9.99947 0.001737 5756.74 24756 13536 1.8289 753709 249213 3.02436
87 125 6.48787e-16 1.52656e-16 0.628389 0.0155615 0.000429 36.274 187 173 1.08092 332 291 1.14089
101 3809 6.97775e-14 1.8687e-13 -0.427825 25.1598 0.003066 8206.07 18200 26349 0.690728 452146 980778 0.461007
308 1948 3.35018e-16 7.71952e-17 0.637478 0.268457 0.001134 236.735 3095 1956 1.58231 17324 6298 2.75071
204 3889 1.43437e-13 5.07764e-13 -0.549 11.3887 0.002544 4476.71 26090 25891 1.00769 663919 603536 1.10005
2750 3952 1.26606e-09 9.70969e-15 5.11525 1276.37 0.002728 467879 74066 8564 8.64853 1.07919e+07 97389 110.812
280 3988 1.69243e-10 1.3765e-14 4.08973 15.9661 0.002178 7330.63 30480 15420 1.97665 697661 193780 3.60027
319 3996 5.09325e-11 3.98986e-16 5.10604 1.97827 0.001735 1140.21 19983 3996 5.00075 219159 5493 39.8979
88 583 1.42109e-14 5.82867e-16 1.38705 0.106303 0.000583 182.337 991 887 1.11725 2989 2049 1.45876
