% id nnzA myErr umfErr logratio myElaps umfElaps ratio mynnz umfnnz ratio myflop umfflop ratio
 results = [449 15 1.38778e-17 2.77556e-17 -0.30103 0.00040429 0.000184182 2.19506 19 19 1 18 18 1
185 50 4.44089e-16 0 Inf 0.000402553 0.000499524 0.805873 35 27 1.2963 101 51 1.98039
186 76 7.77156e-16 8.32667e-17 0.970037 0.00044978 0.000254639 1.76634 38 48 0.791667 128 191 0.670157
1199 98 5.73985e-14 2.86229e-17 3.30219 0.000670461 0.0004809 1.39418 148 130 1.13846 298 186 1.60215
13 131 8.32667e-17 8.32667e-17 0 0.000674257 0.00046264 1.45741 154 162 0.950617 256 273 0.937729
464 144 8.65166e-16 1.83187e-15 -0.325795 0.000962842 0.000802872 1.19925 228 208 1.09615 419 329 1.27356
97 160 4.16334e-16 9.71445e-17 0.632023 0.000615795 0.000463848 1.32758 106 125 0.848 177 244 0.72541
14 167 1.249e-16 8.32667e-17 0.176091 0.000816323 0.000579565 1.40851 181 187 0.967914 206 227 0.907489
1177 169 2.77556e-16 7.63278e-17 0.560667 0.000629477 0.000477687 1.31776 108 152 0.710526 158 427 0.370023
232 180 2.63722e-09 1.07726e-15 6.38882 0.000731791 0.000403655 1.81291 407 282 1.44326 2921 1263 2.31275
103 218 1.11022e-15 6.38378e-16 0.240332 0.000937252 0.000718846 1.30383 305 276 1.10507 655 516 1.26938
133 222 2.77556e-17 6.93889e-18 0.60206 0.000909195 0.000650482 1.39773 253 216 1.1713 278 157 1.7707
462 188 5.64823e-18 6.10623e-16 -2.03386 0.00103254 0.000852594 1.21106 323 284 1.13732 625 494 1.26518
129 267 2.63678e-16 1.73472e-17 1.18184 0.00084651 0.000728671 1.16172 364 331 1.0997 1020 805 1.26708
274 281 0 0 NaN 0.000794293 0.000595217 1.33446 219 261 0.83908 327 504 0.64881
109 291 5.55112e-17 3.46945e-17 0.20412 0.00082561 0.000624047 1.32299 250 278 0.899281 512 555 0.922523
262 292 2.91434e-15 1.27676e-15 0.358431 0.00117542 0.00108918 1.07918 684 641 1.06708 3549 3060 1.1598
861 306 1.38778e-17 8.58688e-17 -0.791515 0.000961614 0.000660514 1.45586 503 503 1 999 999 1
172 196 6.75726e-16 4.35267e-16 0.191015 0.000815751 0.000632629 1.28946 285 299 0.953177 996 1194 0.834171
132 320 1.38778e-17 8.32667e-17 -0.778151 0.000790592 0.000604345 1.30818 344 323 1.06502 717 626 1.14537
296 211 3.74812e-20 1.43332e-16 -3.58253 0.00075005 0.000587161 1.27742 391 329 1.18845 2377 1657 1.43452
264 63 8.67362e-17 5.53708e-17 0.194919 0.000584213 0.000378424 1.54381 89 89 1 132 135 0.977778
106 377 1.44329e-15 6.51562e-15 -0.654602 0.00151707 0.00100734 1.50603 707 711 0.994374 4015 4337 0.925755
318 396 9.47177e-15 9.78384e-16 0.985922 0.00115213 0.000756032 1.52392 1062 396 2.68182 6067 543 11.1731
173 16 0 0 NaN 0.000423503 0.000182566 2.31973 15 19 0.789474 10 15 0.666667
263 250 7.27618e-12 4.996e-16 4.16328 0.00127728 0.00103577 1.23317 390 335 1.16418 749 533 1.40525
293 275 3.07913e-15 4.58184e-16 0.827389 0.000763161 0.000559508 1.36399 417 359 1.16156 2537 1854 1.36839
15 476 2.22045e-16 6.66134e-17 0.522879 0.00138716 0.00107741 1.2875 558 604 0.923841 973 1244 0.782154
334 467 7.17482e-15 7.52176e-15 -0.0205087 0.00357812 0.00175395 2.04003 1756 1493 1.17616 16924 10467 1.61689
265 250 1.15774e-13 8.88178e-16 2.11511 0.00124992 0.00102517 1.21923 383 333 1.15015 708 528 1.34091
11 523 1.11022e-15 7.76809e-15 -0.844904 0.0012635 0.0010852 1.1643 868 1047 0.829035 4864 7263 0.669696
188 297 7.91988e-09 1.3573e-15 6.76604 0.00115743 0.00115741 1.00002 758 747 1.01473 5957 5807 1.02583
136 541 9.99201e-16 1.24761e-14 -1.09643 0.00119783 0.00116769 1.02581 725 725 1 3011 3041 0.990135
102 557 1.13798e-15 1.00614e-16 1.05348 0.00110578 0.000843311 1.31123 367 514 0.714008 877 1682 0.521403
171 76 1.26797e-16 4.77049e-17 0.424548 0.000615593 0.000405827 1.51689 102 93 1.09677 143 115 1.24348
158 527 6.17562e-16 4.51028e-17 1.13648 0.00152646 0.00134426 1.13554 468 499 0.937876 760 896 0.848214
273 667 1.11022e-15 2.91434e-16 0.580871 0.00238946 0.00227576 1.04996 1206 1230 0.980488 3738 3716 1.00592
1326 60 1.1817e-13 2.22046e-16 2.72606 0.000496732 0.000302384 1.64272 157 73 2.15068 1131 149 7.5906
108 768 4.85723e-17 7.45931e-17 -0.18631 0.00174553 0.00177467 0.983582 890 1281 0.69477 3876 7948 0.48767
298 796 8.54872e-14 5.45286e-17 3.19528 0.00169108 0.00133339 1.26825 1406 994 1.41449 4445 1983 2.24155
1195 588 4.06715e-17 1.11239e-16 -0.436967 0.00127836 0.00100405 1.2732 734 678 1.0826 1860 1602 1.16105
118 441 5.48173e-16 4.02456e-16 0.134199 0.00136724 0.00118975 1.14918 675 648 1.04167 1473 1331 1.10669
2417 420 9.02056e-17 4.51028e-17 0.30103 0.00142239 0.00156275 0.910186 850 930 0.913978 2839 3698 0.767712
1325 740 7.34837e-15 3.78871e-16 1.2877 0.00184115 0.00177074 1.03976 1311 1181 1.11008 5932 4424 1.34087
2734 765 5.02043e-10 2.49464e-15 5.30373 0.00299287 0.00276382 1.08287 3132 1579 1.98353 80874 14549 5.55873
253 274 4.76837e-07 8.67396e-17 9.74015 0.00209901 0.000528485 3.97176 429 293 1.46416 1523 561 2.7148
313 935 1.66052e-14 1.06152e-15 1.19432 0.00270196 0.00245824 1.09914 3841 2832 1.35629 54796 24490 2.23748
2416 476 0 1.11022e-16 -Inf 0.00256023 0.0014428 1.77449 1004 1175 0.854468 3734 5504 0.678416
306 496 1.71738e-16 8.50015e-17 0.305439 0.000754219 0.0005611 1.34418 684 496 1.37903 4458 2218 2.00992
1943 335 4.27436e-15 1.31839e-16 1.51083 0.000717709 0.000556717 1.28918 223 323 0.690402 1055 2702 0.390452
323 1065 2.51364e-12 1.80411e-16 4.14404 0.00398391 0.00228142 1.74624 4817 3371 1.42895 68337 32543 2.0999
141 883 9.31323e-10 3.496e-16 6.42553 0.00339331 0.00328415 1.03324 2798 1519 1.842 56575 7553 7.4904
1630 1120 1.59635e-12 2.15661e-14 1.86936 0.00300117 0.00258626 1.16043 6007 3730 1.61046 111819 45215 2.47305
239 1128 3.4263e-08 1.2675e-16 8.43188 0.00289292 0.00219027 1.32081 4832 3578 1.35048 60286 34486 1.74813
113 1182 0 1.23165e-16 -Inf 0.00206335 0.00210675 0.979396 1079 1871 0.576697 3081 10149 0.303577
2338 1174 2.28866e-13 3.9826e-15 1.75941 0.00140094 0.00149842 0.934944 1302 1319 0.987111 17865 16718 1.06861
316 1201 2.22072e-16 2.77556e-17 0.903143 0.00245512 0.00220866 1.11159 1987 1993 0.996989 3947 3979 0.991958
6 687 4.8621e-16 3.51349e-17 1.14109 0.00199357 0.00138801 1.43627 747 721 1.03606 4062 4107 0.989043
93 1296 1.80411e-16 1.37911e-16 0.116666 0.00167833 0.00135197 1.2414 794 1989 0.399196 2910 7399 0.393296
175 319 4.34541e-16 5.66826e-12 -4.11542 0.00101323 0.00082021 1.23534 534 527 1.01328 4376 4425 0.988927
174 248 2.86229e-17 8.61341e-17 -0.478461 0.00130297 0.00109918 1.1854 357 348 1.02586 439 381 1.15223
94 1377 8.88178e-16 9.1073e-17 0.989111 0.00260675 0.00420642 0.619709 2011 2565 0.784016 11502 19147 0.600721
1189 1109 4.44089e-16 1.03251e-14 -1.36642 0.00266163 0.00261598 1.01745 1699 1502 1.13116 4629 3405 1.35947
115 544 6.80012e-16 6.41848e-17 1.02508 0.00131409 0.00116466 1.1283 508 992 0.512097 1391 6856 0.202888
119 1461 1.68754e-14 1.36002e-15 1.09371 0.00388226 0.00361386 1.07427 2641 2687 0.982881 15390 16781 0.917109
95 1491 5.68989e-16 1.72701e-16 0.517808 0.00466005 0.00279493 1.66732 2075 4669 0.444421 10492 62760 0.167177
215 1360 7.65965e-12 1.36804e-14 2.74811 0.00393682 0.00412426 0.954553 5275 4196 1.25715 67079 39918 1.68042
1198 796 1.39266e-12 5.55654e-16 3.39904 0.00166441 0.00153308 1.08567 1198 1135 1.05551 4603 3962 1.16179
2559 1514 4.87553e-12 4.15399e-15 3.06956 0.00326862 0.00269419 1.21321 3733 3214 1.16148 49214 36841 1.33585
1112 708 2.43131e-12 7.2197e-16 3.52732 0.00179309 0.00149315 1.20088 1143 1062 1.07627 3225 2678 1.20426
16 1612 8.65974e-15 1.25594e-15 0.838536 0.00352283 0.00333533 1.05622 1906 2445 0.77955 7481 14757 0.506946
1169 1564 2.29807e-11 1.11022e-16 5.31595 0.00362889 0.00341326 1.06317 2702 2415 1.11884 9050 6668 1.35723
17 1623 6.245e-15 4.71845e-16 1.12173 0.0050689 0.00482162 1.05129 2193 2244 0.977273 5079 5289 0.960295
117 1629 1.60982e-15 8.6876e-16 0.267878 0.00304355 0.00283289 1.07436 2485 4443 0.559307 13414 55043 0.2437
268 429 1.19123e-14 7.80192e-16 1.1838 0.00161304 0.00141143 1.14285 723 616 1.1737 2810 2185 1.28604
