% id nnzA myErr umfErr logratio myElaps umfElaps ratio mynnz umfnnz ratio myflop umfflop ratio
 results = [1327 10143 2.01716e-11 1.28356e-15 4.19632 0.024426 0.00773191 3.15911 20098 12194 1.64819 205744 126789 1.62273
1535 8423 2.18021e-13 2.62818e-15 1.91884 0.00857592 0.01055 0.812881 24327 17593 1.38277 220553 92771 2.37739
836 8394 4.01093e-13 9.22526e-15 1.63827 0.00799799 0.0118542 0.674698 24537 18745 1.30899 230670 114324 2.01769
2562 12773 1.48381e-10 7.49988e-14 3.29632 0.00828004 0.00882411 0.938343 35034 35192 0.99551 517643 484665 1.06804
1170 62 2.08167e-17 1.04083e-17 0.30103 0.00373793 0.000148058 25.2464 88 83 1.06024 87 74 1.17568
838 12233 1.80181e-14 3.90247e-15 0.66437 0.00607204 0.00438786 1.38383 37254 29783 1.25085 750614 497815 1.50782
1942 3802 2.95874e-14 4.21538e-16 1.84627 0.00401497 0.00110698 3.62697 2132 3499 0.609317 24835 50884 0.488071
329 17088 7.50342e-11 8.50121e-14 2.94578 0.00738692 0.00714993 1.03315 56704 71963 0.78796 3.7887e+06 6.13661e+06 0.617393
734 15914 3.02861e-14 1.26965e-13 -0.622439 0.00816798 0.0130029 0.628168 50973 41576 1.22602 1.842e+06 1.1175e+06 1.64831
545 17279 2.9142e-11 1.34446e-13 2.33597 0.0182741 0.029511 0.61923 192048 182253 1.05374 2.10454e+07 2.04882e+07 1.0272
336 20187 3.56655e-12 3.06153e-12 0.0663091 0.0199978 0.0409732 0.488071 276308 283248 0.975499 1.99359e+07 2.00139e+07 0.9961
460 6001 8.70681e-14 1.43139e-15 1.7841 0.00685596 0.0100129 0.684716 27191 17969 1.51322 641964 229043 2.80281
1200 22162 5.70812e-13 1.03795e-13 0.740315 0.0157461 0.0335629 0.469152 87743 64831 1.35341 1.20523e+06 550882 2.18782
755 22711 8.73815e-14 2.02455e-14 0.63509 0.0170689 0.0352671 0.483988 59625 60392 0.9873 646354 636007 1.01627
837 10931 2.57641e-12 1.00635e-14 2.40826 0.00975204 0.0163319 0.597115 49377 25950 1.90277 883596 192342 4.59388
900 19039 1.30886e-13 3.85439e-14 0.530937 0.0159402 0.040072 0.397789 172092 145980 1.17887 1.52097e+07 1.16642e+07 1.30396
2563 25662 1.02463e-08 8.25132e-15 6.09404 0.013551 0.014667 0.923908 75277 58346 1.29018 1.18716e+06 659011 1.80143
754 19924 2.27845e-12 3.0154e-14 1.87829 0.01753 0.036551 0.479603 52510 49655 1.0575 607630 523308 1.16113
457 17363 1.19209e-07 6.72391e-15 7.24869 0.012382 0.024013 0.515638 134157 108909 1.23183 9.10885e+06 8.2138e+06 1.10897
456 386 1.36142e-11 5.29158e-17 5.41041 0.00376606 0.000499964 7.53267 1315 528 2.49053 22423 1858 12.0684
917 26503 1.42859e-12 2.36951e-13 0.780248 0.026475 0.0587082 0.450958 330487 273526 1.20825 2.02856e+07 1.14622e+07 1.76977
468 286 4.44089e-16 6.86842e-17 0.810613 0.00391006 0.00052309 7.47493 431 402 1.07214 879 730 1.20411
157 31184 6.28084e-13 2.66407e-14 1.37247 0.0124691 0.0231831 0.537851 62856 59244 1.06097 746595 608271 1.22741
156 31425 1.42243e-12 5.28258e-14 1.43019 0.0124402 0.023633 0.526391 64068 58564 1.09398 795551 573288 1.3877
735 15914 2.93924e-14 1.49282e-13 -0.705773 0.00853181 0.0126622 0.673803 47062 40880 1.15122 1.46954e+06 1.08071e+06 1.3598
2278 405 2.27318e-14 3.83374e-16 1.77301 0.00380802 0.000681877 5.58462 577 542 1.06458 1160 980 1.18367
568 27491 3.41673e-13 6.26077e-14 0.736982 0.032433 0.0549409 0.590325 163665 123050 1.33007 1.6548e+07 6.82565e+06 2.42438
918 41767 5.45786e-12 3.37813e-12 0.208346 0.07216 0.100078 0.721037 600310 491425 1.22157 4.63406e+07 2.91887e+07 1.58762
547 41057 2.40673e-11 9.92117e-13 1.38486 0.069371 0.0762489 0.909797 633101 687153 0.921339 1.23354e+08 1.36625e+08 0.902869
2564 51400 0.00206173 4.48094e-12 8.66286 0.0443521 0.031507 1.40769 155486 122550 1.26876 2.52809e+06 1.46731e+06 1.72294
902 42204 3.39322e-14 2.7398e-14 0.0928932 0.0799611 0.13453 0.594373 428190 455642 0.939751 5.97763e+07 7.35103e+07 0.813169
2245 95 6.19504e-14 8.39172e-17 2.86819 0.0222921 0.000334024 66.738 139 122 1.13934 543 383 1.41775
580 50523 6.06165e-09 3.14059e-12 3.28558 0.19355 0.138788 1.39457 1.43181e+06 1.45577e+06 0.983539 4.32006e+08 5.98095e+08 0.722302
454 22317 2.22934e-11 6.02287e-15 3.56837 0.039613 0.03877 1.02174 119778 70554 1.69768 4.1253e+06 1.05293e+06 3.91791
840 53668 1.27898e-13 4.85929e-15 1.42029 0.0391672 0.0162079 2.41654 169862 108941 1.55921 4.76181e+06 2.01026e+06 2.36875
465 26647 2.88403e-10 7.90665e-15 4.56201 0.012495 0.0315011 0.396655 85889 48537 1.76956 2.99907e+06 1.00016e+06 2.9986
756 50904 7.13454e-13 1.43232e-13 0.697326 0.034055 0.0828149 0.411218 149114 143552 1.03875 1.87055e+06 1.43353e+06 1.30486
841 59546 1.3826e-13 6.21491e-15 1.34726 0.04579 0.0167341 2.73632 223231 127716 1.74787 1.12589e+07 3.66431e+06 3.07259
919 60487 1.22654e-10 2.2694e-13 2.73277 0.095057 0.151594 0.62705 986102 917590 1.07467 9.19503e+07 6.83528e+07 1.34523
453 54254 5.57394e-17 5.03042e-15 -1.95544 0.055254 0.108918 0.507299 304343 161202 1.88796 7.8396e+06 2.1738e+06 3.6064
2279 284 3.33067e-16 3.60057e-17 0.966161 0.00426292 0.00046277 9.21175 349 340 1.02647 572 519 1.10212
736 75236 1.07147e-13 3.61468e-13 -0.528092 0.051048 0.0666809 0.765557 300039 240576 1.24717 1.69214e+07 9.28709e+06 1.82203
570 62515 3.30256e-13 1.61412e-13 0.310915 0.122386 0.142116 0.861172 438460 396760 1.1051 5.67459e+07 4.35906e+07 1.30179
224 47823 1.06627e-12 1.64017e-14 1.81298 0.0559092 0.0321748 1.73767 84162 68433 1.22985 6.71127e+06 4.31275e+06 1.55615
839 90251 6.39488e-14 2.12634e-14 0.478201 0.0511539 0.0255752 2.00014 316916 196201 1.61526 1.3451e+07 4.98328e+06 2.69923
461 62238 2.37085e-15 6.28239e-14 -1.42322 0.0573211 0.10559 0.542864 306498 223423 1.37183 9.1691e+06 5.23691e+06 1.75086
2565 102863 2.71032e-06 0.000230637 -1.92991 0.0637629 0.0674031 0.945994 313150 241428 1.29707 5.08925e+06 2.82445e+06 1.80186
582 102043 2.26272e-08 2.73116e-12 3.91828 0.708776 0.302029 2.34672 3.41069e+06 4.99643e+06 0.682625 1.17671e+09 3.6616e+09 0.321366
549 104754 3.36049e-11 1.65405e-12 1.30785 0.38682 0.210145 1.84073 2.14872e+06 2.65946e+06 0.807955 7.44749e+08 1.23693e+09 0.602096
572 96528 6.90961e-13 7.75999e-13 -0.0504076 0.183695 0.237624 0.77305 804611 693985 1.15941 1.25549e+08 9.29732e+07 1.35038
901 82497 1.96959e-13 2.74069e-14 0.856515 0.0808861 0.179273 0.45119 649451 598118 1.08582 6.18837e+07 7.06057e+07 0.876468
738 75236 4.4352e-13 3.53395e-14 1.09865 0.0547838 0.0642831 0.852227 316985 237460 1.3349 1.95596e+07 8.94047e+06 2.18776
551 141966 1.13016e-09 3.4977e-12 2.50936 1.32192 0.284181 4.65167 3.36101e+06 4.1815e+06 0.803781 1.56917e+09 2.81223e+09 0.557981
455 62900 4.25721e-11 5.72375e-11 -0.128555 0.07305 0.138591 0.52709 364053 275651 1.3207 1.34888e+07 7.96839e+06 1.69279
584 153563 2.31223e-08 4.93472e-12 3.67077 1.34953 0.503859 2.67839 5.7269e+06 9.96365e+06 0.57478 2.21771e+09 9.84441e+09 0.225276
574 130528 5.84658e-13 1.9987e-12 -0.533846 0.311336 0.340751 0.913676 1.24795e+06 1.05466e+06 1.18327 2.39546e+08 1.76893e+08 1.35419
1941 44945 1.01892e-12 1.04387e-15 2.98949 0.027622 0.014874 1.85707 70730 56953 1.2419 7.9856e+06 3.6203e+06 2.20578
552 179578 3.81625e-11 9.215e-12 0.617142 1.71356 0.395737 4.33004 4.23714e+06 5.76243e+06 0.735304 1.94973e+09 4.25216e+09 0.458526
2232 2750 3.99361e-12 7.43149e-15 2.73029 0.026859 0.00356793 7.5279 10261 8103 1.26632 239341 158022 1.51461
2566 206063 3.81453e-06 1.8333e-09 3.31821 0.10279 0.14856 0.691908 621362 473702 1.31171 1.00102e+07 5.425e+06 1.84519
576 164537 6.08918e-13 3.63404e-12 -0.775831 0.480372 0.451163 1.06474 1.73374e+06 1.56801e+06 1.1057 3.92485e+08 3.2469e+08 1.2088
284 213896 3.07567e-10 1.3334e-14 4.36298 0.115426 0.338714 0.340777 1.26451e+06 899911 1.40515 1.93103e+08 8.81153e+07 2.19149
586 205083 4.16213e-08 8.74757e-12 3.67743 1.86681 0.681115 2.74081 7.92512e+06 1.46098e+07 0.542454 3.18411e+09 1.568e+10 0.203069
740 75194 1.19541e-13 3.68273e-13 -0.488652 0.0505581 0.0642061 0.787434 301335 243260 1.23874 1.63107e+07 9.37543e+06 1.73973
742 75204 1.81044e-13 2.69477e-13 -0.172739 0.0514591 0.0629971 0.816848 288484 241136 1.19635 1.48546e+07 9.01316e+06 1.6481
