<<<<<<< HEAD
% id nnzA myErr umfErr logratio myElaps umfElaps ratio mynnz umfnnz ratio myflop umfflop ratio
results = [
449 15 1.38778e-17 2.77556e-17 -0.30103 0.00289488 0.119725 0.0241794 19 19 1 18 18 1
185 50 4.44089e-16 0 Inf 0.00825286 0.005947 1.38773 35 27 1.2963 101 51 1.98039
1199 98 1.11022e-16 2.86229e-17 0.588696 0.00830603 0.000268 30.9926 148 130 1.13846 298 186 1.60215
464 144 2.28821e-16 1.83187e-15 -0.903399 0.00887895 0.000347 25.5877 219 208 1.05288 374 329 1.13678
462 188 5.60048e-18 6.10623e-16 -2.03755 0.00851607 0.001011 8.42342 326 284 1.14789 656 494 1.32794
262 292 2.62545e-15 1.27676e-15 0.313096 0.008605 0.000615 13.9919 706 641 1.1014 3944 3060 1.28889
172 196 7.60107e-16 4.35267e-16 0.242119 0.00880313 0.000314 28.0354 285 299 0.953177 996 1194 0.834171
264 63 7.28584e-17 5.53708e-17 0.119199 0.00802207 0.000218 36.7985 89 89 1 132 135 0.977778
173 16 0 0 NaN 0.00258493 0.000186 13.8975 15 19 0.789474 10 15 0.666667
263 250 7.27618e-12 4.996e-16 4.16328 0.00907302 0.00031 29.2678 390 335 1.16418 749 533 1.40525
334 467 1.18655e-14 7.52176e-15 0.197967 0.00986695 0.000531 18.5818 1744 1493 1.16812 16785 10467 1.60361
265 250 1.15774e-13 8.88178e-16 2.11511 0.00921321 0.000324 28.4358 383 333 1.15015 708 528 1.34091
171 76 1.26797e-16 4.77049e-17 0.424548 0.00825405 0.000266 31.0303 102 93 1.09677 143 115 1.24348
158 527 6.17562e-16 4.51028e-17 1.13648 0.00941014 0.000517 18.2014 468 499 0.937876 760 896 0.848214
273 667 2.44249e-15 2.91434e-16 0.923293 0.0109458 0.000862 12.6981 1210 1230 0.98374 3759 3716 1.01157
1325 740 2.58822e-15 3.78871e-16 0.834509 0.00977182 0.000847 11.537 1316 1181 1.11431 6007 4424 1.35782
313 935 8.82616e-15 1.06152e-15 0.919844 0.011014 0.000601 18.3261 3834 2832 1.35381 54610 24490 2.22989
141 883 1.39698e-09 3.496e-16 6.60162 0.0118439 0.000669 17.7039 2798 1519 1.842 56575 7553 7.4904
2338 1174 2.29018e-13 3.9826e-15 1.7597 0.00930905 0.000412 22.5948 1302 1319 0.987111 17865 16718 1.06861
175 319 3.80772e-16 5.66826e-12 -4.17279 0.00848484 0.000407 20.8473 534 527 1.01328 4376 4425 0.988927
174 248 2.86229e-17 8.61341e-17 -0.478461 0.00892806 0.000344 25.9537 357 348 1.02586 439 381 1.15223
2559 1514 4.36583e-12 4.15399e-15 3.0216 0.011785 0.000822 14.337 3733 3214 1.16148 49214 36841 1.33585
268 429 1.19054e-14 7.80192e-16 1.18354 0.00960708 0.000628 15.2979 723 616 1.1737 2810 2185 1.28604
1641 324 2.12752e-12 1.17961e-16 4.25613 0.008111 0.000203 39.9557 324 324 1 3723 3723 1
335 1847 5.8607e-14 1.01177e-12 -1.23713 0.0172892 0.002165 7.98576 11158 11022 1.01234 206630 204574 1.01005
267 1255 1.88883e-14 5.34295e-15 0.548411 0.0137591 0.001105 12.4517 3418 2921 1.17015 25700 22666 1.13386
266 2053 7.66897e-13 4.3575e-15 2.2455 0.0193739 0.001886 10.2725 11015 9956 1.10637 301670 205280 1.46955
1639 324 2.12752e-12 1.17961e-16 4.25613 0.00798798 0.000219 36.4748 324 324 1 3723 3723 1
2015 2400 2.56305e-16 6.92545e-15 -1.43169 0.028738 0.006539 4.39486 8618 15822 0.544685 85977 483412 0.177855
269 1966 1.09163e-14 5.22117e-15 0.320306 0.01669 0.001606 10.3923 5935 5494 1.08027 57596 54850 1.05006
255 884 1.4086e-15 2.52832e-15 -0.254046 0.00988984 0.000611 16.1863 1827 1551 1.17795 16849 9538 1.76651
824 3019 2.82207e-14 6.80536e-15 0.617716 0.0158122 0.00154 10.2676 8561 6663 1.28486 222344 119978 1.85321
256 748 1.08252e-15 8.2781e-15 -0.883494 0.00969195 0.000673 14.4011 1419 1360 1.04338 7771 7298 1.06481
2560 3170 7.48878e-11 3.346e-15 4.34989 0.0157511 0.001495 10.5359 7513 7494 1.00254 98732 96976 1.01811
257 1743 7.34829e-15 6.80879e-15 0.0331163 0.0124791 0.000989 12.6179 3817 3371 1.1323 44719 33760 1.32461
270 2604 2.77159e-14 1.11022e-15 1.39732 0.0192809 0.001968 9.79721 4603 3782 1.21708 16068 9043 1.77684
1637 324 2.12752e-12 1.17961e-16 4.25613 0.00834203 0.000234 35.6497 324 324 1 3723 3723 1
87 125 8.88178e-16 1.52656e-16 0.764787 0.0083158 0.000405 20.5328 187 173 1.08092 332 291 1.14089
88 583 1.42109e-14 5.82867e-16 1.38705 0.00969195 0.000611 15.8624 993 887 1.1195 3017 2049 1.47243
89 818 7.10543e-15 2.56739e-16 1.4421 0.010283 0.001011 10.1711 1448 1352 1.07101 4349 3844 1.13137
450 3235 2.99468e-13 2.74729e-15 2.03744 0.022866 0.002547 8.97762 8183 6100 1.34148 49584 24928 1.98909
451 3734 1.86565e-16 2.0834e-15 -1.04794 0.027451 0.002569 10.6855 12311 6670 1.84573 128576 25881 4.96797
90 1105 7.77156e-15 3.77956e-15 0.313067 0.0122011 0.001009 12.0922 2087 1869 1.11664 9059 6656 1.36103
83 1014 1.42109e-14 1.13451e-15 1.09781 0.0122981 0.000918 13.3966 1974 1626 1.21402 9479 5517 1.71814
84 1091 4.07858e-14 2.40433e-15 1.22952 0.0119379 0.001002 11.914 2198 1952 1.12602 11243 8331 1.34954
85 1880 2.73132e-14 2.88138e-15 0.976773 0.015286 0.001665 9.18076 4033 3593 1.12246 24145 17357 1.39108
86 1155 1.06581e-14 2.68297e-15 0.599066 0.0131569 0.001042 12.6266 2237 2068 1.08172 11374 9232 1.23202
1638 324 2.12752e-12 1.17961e-16 4.25613 0.00787807 0.000212 37.1607 324 324 1 3723 3723 1
271 3988 9.68979e-14 1.88738e-15 1.71046 0.02546 0.002858 8.90833 7430 6055 1.22709 30061 16475 1.82464
1896 5056 8.56725e-15 1.59097e-15 0.731178 0.029274 0.003685 7.94409 17055 14483 1.17759 244170 174207 1.40161
2561 6333 5.59077e-11 3.72228e-15 4.17666 0.0279322 0.002804 9.96154 16412 15777 1.04025 226740 205627 1.10268
272 5453 4.99885e-14 1.22125e-15 1.61207 0.032609 0.003809 8.56104 10480 8077 1.29751 45215 20102 2.24928
208 4744 3.22129e-14 1.43405e-14 0.351465 0.0307481 0.003206 9.59081 11843 11611 1.01998 284160 307293 0.92472
467 25 5.55112e-17 0 Inf 0.00257802 0.00018 14.3223 25 25 1 24 24 1
1640 324 2.12752e-12 1.17961e-16 4.25613 0.00808597 0.000228 35.4648 324 324 1 3723 3723 1
1327 10143 1.43264e-12 1.28684e-15 3.04661 0.033828 0.00329 10.2821 20056 12194 1.64474 204856 126789 1.61572
1535 8423 2.58071e-13 6.90961e-15 1.57229 0.0403209 0.005233 7.70512 24370 17604 1.38434 221928 92911 2.38861
836 8394 2.04768e-13 8.99281e-15 1.35737 0.0408859 0.00561 7.28804 24553 18747 1.3097 231385 114356 2.02337
2562 12773 1.22849e-10 6.92263e-14 3.2491 0.0427139 0.005663 7.54262 34958 35192 0.993351 515169 484665 1.06294
1170 62 2.08167e-17 1.04083e-17 0.30103 0.00806689 0.000169 47.7331 88 83 1.06024 87 74 1.17568
838 12233 3.02268e-14 4.68585e-15 0.809605 0.0249572 0.003666 6.80774 35917 29783 1.20596 691602 497815 1.38928
1942 3802 3.14748e-14 4.75314e-16 1.82098 0.0111351 0.000764 14.5747 2106 4705 0.447609 24379 141343 0.172481
329 17088 8.80451e-11 1.40863e-13 2.79591 0.045176 0.009018 5.00954 57010 71963 0.792213 3.84308e+06 6.13661e+06 0.626255
734 15914 3.06674e-14 2.15983e-13 -0.847744 0.0539911 0.007062 7.6453 52091 41584 1.25267 1.95153e+06 1.11805e+06 1.74548
545 17279 7.45066e-09 1.11916e-13 4.8233 0.125182 0.026277 4.76393 191199 184755 1.03488 2.08264e+07 2.0962e+07 0.993532
336 20187 1.44016e-12 4.42912e-12 -0.487908 0.15304 0.03146 4.8646 273482 284143 0.96248 1.9727e+07 2.01347e+07 0.979751
460 6001 1.01268e-13 1.1536e-15 1.94342 0.033216 0.004792 6.93155 26803 17984 1.49038 608411 229310 2.65322
1200 22162 6.42935e-14 9.27574e-14 -0.159182 0.0915039 0.015033 6.08687 87800 64864 1.3536 1.20654e+06 552171 2.18509
755 22711 1.83555e-13 1.48519e-14 1.09198 0.094852 0.020312 4.66975 60282 69463 0.867829 656895 875187 0.750577
837 10931 2.57612e-12 1.6237e-14 2.20046 0.060883 0.007198 8.45833 49471 25976 1.90449 887073 192930 4.5979
900 19039 1.00523e-13 4.70237e-14 0.329947 0.130272 0.022051 5.90777 171139 146051 1.17178 1.48919e+07 1.16756e+07 1.27547
2563 25662 6.16902e-09 9.44854e-15 5.81485 0.0982161 0.010454 9.39507 75288 58346 1.29037 1.1872e+06 659011 1.80148
754 19924 1.19985e-12 2.7929e-14 1.63307 0.0996368 0.020092 4.95903 52521 54021 0.972233 609462 650879 0.936368
457 17363 1.19209e-07 6.65758e-15 7.25299 0.104132 0.013366 7.79083 134948 108909 1.23909 9.25669e+06 8.21142e+06 1.12729
456 386 1.36142e-11 5.29158e-17 5.41041 0.00879598 0.000436 20.1743 1315 528 2.49053 22423 1858 12.0684
