% id nnzA myErr umfErr logratio myElaps umfElaps ratio mynnz umfnnz ratio myflop umfflop ratio
 results = [
1327 10143 4.40984e-15 6.01687e-16 0.865052 0.014251 0.012707 1.12151 13144 12011 1.09433 149140 117308 1.27135 
2562 12773 2.48925e-13 4.48433e-14 0.74437 0.017158 0.015866 1.08143 39377 35547 1.10774 639789 492161 1.29996 
838 12233 4.34293e-15 5.57378e-15 -0.108367 0.0162292 0.00773382 2.09846 42122 30300 1.39017 1.00302e+06 509501 1.96864 
329 17088 1.24981e-14 4.22433e-14 -0.528913 0.0260019 0.0135989 1.91206 63684 71497 0.890723 4.60957e+06 5.97747e+06 0.771158 
1865 18447 3.42739e-16 1.50888e-17 1.35631 0.024935 0.0122721 2.03184 28772 19476 1.47731 176979 69694 2.53937 
734 15914 2.52198e-15 9.12135e-15 -0.558318 0.0246401 0.0233939 1.05327 51820 41338 1.25357 1.90615e+06 1.09482e+06 1.74107 
545 17279 4.1176e-14 5.8096e-15 0.850498 0.04497 0.0574601 0.782631 204674 171126 1.19604 2.36216e+07 1.64894e+07 1.43253 
336 20187 3.03873e-12 1.78771e-12 0.230396 0.0668759 0.0662239 1.00985 293739 284525 1.03238 2.15219e+07 2.00654e+07 1.07259 
823 21118 7.48808e-12 4.70184e-15 3.2021 0.0426211 0.0270379 1.57635 226557 101336 2.2357 2.53649e+07 5.11613e+06 4.95784 
1200 22162 1.67266e-14 3.11045e-14 -0.269416 0.0496149 0.04967 0.998891 93252 64710 1.44108 1.38285e+06 549606 2.51608 
755 22711 1.41689e-14 8.83857e-15 0.204954 0.0493431 0.0507171 0.972908 63915 58146 1.09922 766383 583944 1.31243 
837 10931 1.48983e-14 1.42149e-15 1.02039 0.0233409 0.024987 0.934124 42932 26531 1.61818 770124 202894 3.7957 
900 19039 1.30764e-14 2.28498e-15 0.757608 0.0375361 0.0613549 0.611787 161377 145102 1.11216 1.30432e+07 1.15788e+07 1.12647 
2563 25662 4.94551e-13 5.4787e-15 1.95553 0.0422368 0.0219772 1.92185 84109 58788 1.43072 1.43461e+06 670970 2.13812 
754 19924 3.21027e-13 1.12552e-14 1.45519 0.034575 0.0647099 0.534307 57631 46810 1.23117 806906 437976 1.84235 
457 17363 4.68053e-14 3.02748e-15 1.18921 0.0489719 0.0384071 1.27507 124860 107383 1.16275 8.41126e+06 7.97275e+06 1.055 
917 26503 2.39211e-13 2.24965e-14 1.02667 0.081697 0.107684 0.758674 359556 264757 1.35806 2.36552e+07 1.09101e+07 2.1682 
157 31184 6.93092e-14 1.31965e-13 -0.279669 0.0447369 0.0392711 1.13918 66039 59357 1.11257 845498 609699 1.38675 
156 31425 8.15815e-14 1.03832e-14 0.89526 0.047236 0.0394189 1.19831 68131 59367 1.14762 907566 605076 1.49992 
1866 36879 8.20401e-16 2.22045e-17 1.56759 0.0515289 0.030479 1.69064 67745 38932 1.74009 468302 139326 3.3612 
735 15914 5.02991e-15 5.82309e-15 -0.0635936 0.041791 0.0197701 2.11384 46916 40509 1.15816 1.44438e+06 1.04784e+06 1.37844 
568 27491 4.58392e-14 3.81352e-15 1.07991 0.0756419 0.0980668 0.77133 180146 121589 1.4816 1.98966e+07 7.18573e+06 2.7689 
825 41814 2.0986e-12 6.08293e-15 2.53782 0.0972199 0.0569541 1.70699 737461 276643 2.66575 1.45354e+08 2.23523e+07 6.50289 
918 41767 7.09356e-13 2.83429e-13 0.39842 0.0898111 0.156698 0.573148 638860 503878 1.26789 5.05776e+07 3.15817e+07 1.60148 
547 41057 7.01178e-14 1.24205e-14 0.751689 0.0974088 0.12607 0.772656 692861 723027 0.958278 1.40568e+08 1.50033e+08 0.936909 
2564 51400 2.13374e-13 2.55372e-12 -1.07803 0.0490079 0.0559711 0.875592 174370 123527 1.41159 3.06762e+06 1.4954e+06 2.05137 
902 42204 4.16597e-16 1.19658e-15 -0.458225 0.12133 0.205283 0.591038 393868 456864 0.862112 5.14808e+07 7.42608e+07 0.693244 
580 50523 2.53414e-13 2.48736e-13 0.00809155 0.227941 0.222954 1.02237 1.46603e+06 1.49688e+06 0.979392 4.56579e+08 6.26768e+08 0.728466 
454 22317 6.10351e-15 1.43297e-15 0.629342 0.0573821 0.074559 0.76962 125813 71021 1.77149 4.75577e+06 1.07849e+06 4.40967 
840 53668 1.55105e-13 2.1164e-15 1.86503 0.0609739 0.034358 1.77466 197262 109699 1.79821 6.7948e+06 2.03025e+06 3.34677 
465 26647 3.48917e-16 5.04382e-17 0.839962 0.050391 0.0533371 0.944764 61402 39700 1.54665 1.22045e+06 569190 2.14419 
756 50904 7.13516e-14 3.29534e-14 0.335503 0.077105 0.137823 0.55945 159041 136159 1.16805 2.2316e+06 1.29952e+06 1.71725 
841 59546 2.02372e-14 4.14806e-15 0.688306 0.0592489 0.0347271 1.70613 202494 128507 1.57574 9.58238e+06 3.6756e+06 2.60702 
919 60487 2.17411e-12 5.64217e-13 0.585834 0.128684 0.225006 0.571914 1.05449e+06 947457 1.11297 1.00162e+08 7.33832e+07 1.36492 
453 54254 9.9286e-16 1.84699e-15 -0.269576 0.0836399 0.174292 0.479883 272321 159157 1.71102 7.5874e+06 2.09912e+06 3.61455 
1212 53479 1.66216e-15 1.48539e-17 2.04883 0.061568 0.075774 0.812522 83834 67402 1.24379 426850 208360 2.04862 
736 75236 4.06673e-15 2.3846e-15 0.231829 0.0738611 0.127192 0.580706 302857 243123 1.24569 1.69318e+07 8.80261e+06 1.9235 
570 62515 1.75638e-13 8.51399e-14 0.314484 0.148982 0.218696 0.681229 534691 401889 1.33044 8.51922e+07 4.67175e+07 1.82356 
826 83148 2.54821e-11 5.97027e-13 1.63024 0.144987 0.0883019 1.64195 1.58996e+06 618423 2.57099 3.07076e+08 5.99219e+07 5.12461 
224 47823 4.49721e-16 3.80521e-17 1.07256 0.0581701 0.056803 1.02407 97677 68546 1.42498 9.38488e+06 4.35878e+06 2.1531 
839 90251 5.24805e-14 1.57406e-14 0.522976 0.07669 0.0528159 1.45202 329915 196904 1.67551 1.48528e+07 4.94514e+06 3.00351 
461 62238 4.0894e-13 8.51188e-15 1.68163 0.0882311 0.176234 0.500647 306763 225075 1.36294 9.81098e+06 5.33685e+06 1.83835 
2565 102863 2.86382e-13 0.000152983 -8.7277 0.0709121 0.112127 0.632426 346095 242908 1.4248 6.01092e+06 2.86113e+06 2.10089 
582 102043 8.2314e-13 7.77678e-13 0.0246738 0.419029 0.447203 0.936999 3.49498e+06 5.06016e+06 0.690686 1.24473e+09 3.7039e+09 0.33606 
549 104754 1.79952e-13 3.88441e-14 0.665831 0.315176 0.321744 0.979586 2.31214e+06 2.63711e+06 0.876771 8.39041e+08 1.1461e+09 0.732086 
572 96528 1.35828e-13 2.99928e-13 -0.344028 0.22125 0.34067 0.649455 929357 714262 1.30114 1.67276e+08 9.51368e+07 1.75827 
901 82497 1.08097e-14 2.3519e-14 -0.337605 0.134949 0.273601 0.493233 617555 603760 1.02285 5.65393e+07 7.13737e+07 0.792159 
738 75236 7.36265e-15 2.6269e-15 0.447591 0.0756569 0.117696 0.642816 317745 242438 1.31062 1.91805e+07 8.75742e+06 2.1902 
551 141966 1.94523e-13 2.66117e-14 0.863897 0.407742 0.402413 1.01324 3.40843e+06 4.35626e+06 0.78242 1.5109e+09 2.97996e+09 0.50702 
455 62900 3.12324e-15 5.33453e-12 -3.23249 0.0885899 0.199895 0.443182 370209 276017 1.34125 1.45507e+07 7.76279e+06 1.87441 
584 153563 4.45926e-13 9.09038e-13 -0.30932 0.629681 0.737076 0.854296 5.83088e+06 1.02076e+07 0.57123 2.306e+09 1.02645e+10 0.224658 
574 130528 7.80303e-13 2.55426e-13 0.484998 0.307586 0.480268 0.640446 1.40168e+06 1.08514e+06 1.2917 3.00882e+08 1.87086e+08 1.60826 
1941 44945 1.99253e-16 8.92927e-17 0.348589 0.0454581 0.0285711 1.59105 76609 52455 1.46047 8.65857e+06 3.25114e+06 2.66324 
552 179578 3.29702e-12 2.47314e-13 1.12487 0.527547 0.532468 0.990758 4.71372e+06 5.42258e+06 0.869276 2.3135e+09 3.41827e+09 0.676804 
2566 206063 4.75675e-13 2.25842e-09 -3.67649 0.107518 0.214784 0.500588 696924 475452 1.46581 1.21488e+07 5.46886e+06 2.22146 
576 164537 1.36815e-12 2.32227e-13 0.77022 0.374025 0.637215 0.586968 1.86325e+06 1.57612e+06 1.18217 4.44657e+08 3.32133e+08 1.33879 
284 213896 1.63274e-14 2.30644e-15 0.849975 0.195648 0.49418 0.395904 1.41899e+06 901921 1.57329 2.21583e+08 8.83468e+07 2.50811 
586 205083 3.10832e-13 2.42132e-12 -0.891528 0.858646 0.988013 0.869064 8.07839e+06 1.46741e+07 0.55052 3.29919e+09 1.55251e+10 0.212507 
740 75194 3.56181e-15 1.54478e-15 0.362804 0.0750721 0.114678 0.654634 293807 244210 1.20309 1.51472e+07 8.81584e+06 1.71818 
742 75204 3.81532e-15 2.47133e-15 0.1886 0.074048 0.112841 0.656216 288147 244598 1.17804 1.47848e+07 8.78115e+06 1.6837 
578 198542 4.78961e-13 3.80053e-13 0.100456 0.452279 0.77798 0.58135 2.27463e+06 2.05728e+06 1.10565 5.47503e+08 5.09392e+08 1.07482 
452 237759 5.82482e-15 5.9574e-16 0.990226 0.226793 0.780906 0.290423 1.12764e+06 805602 1.39975 3.03539e+07 1.4956e+07 2.02954 
588 256603 1.19146e-12 3.91467e-13 0.483386 1.09345 1.27837 0.855347 1.05286e+07 1.8907e+07 0.556863 4.48309e+09 1.97137e+10 0.22741 
