% id nnzA myErr umfErr logratio myElaps umfElaps ratio mynnz umfnnz ratio myflop umfflop ratio
 results = [918 41767 5.45786e-12 3.37813e-12 0.208346 0.069212 0.097719 0.708276 600310 491425 1.22157 4.63406e+07 2.91887e+07 1.58762
547 41057 2.40673e-11 9.92117e-13 1.38486 0.0714781 0.077606 0.921039 633101 687153 0.921339 1.23354e+08 1.36625e+08 0.902869
2564 51400 0.00206173 4.48094e-12 8.66286 0.043925 0.0314732 1.39564 155486 122550 1.26876 2.52809e+06 1.46731e+06 1.72294
902 42204 3.39322e-14 2.7398e-14 0.0928932 0.0803518 0.13262 0.605881 428190 455642 0.939751 5.97763e+07 7.35103e+07 0.813169
580 50523 6.06165e-09 3.14059e-12 3.28558 0.217116 0.139084 1.56104 1.43181e+06 1.45577e+06 0.983539 4.32006e+08 5.98095e+08 0.722302
454 22317 2.22934e-11 6.02287e-15 3.56837 0.0391798 0.0391531 1.00068 119778 70554 1.69768 4.1253e+06 1.05293e+06 3.91791
840 53668 1.27898e-13 4.85929e-15 1.42029 0.0469429 0.018599 2.52395 169862 108941 1.55921 4.76181e+06 2.01026e+06 2.36875
465 26647 2.88403e-10 7.90665e-15 4.56201 0.0125461 0.030926 0.40568 85889 48537 1.76956 2.99907e+06 1.00016e+06 2.9986
756 50904 7.13454e-13 1.43232e-13 0.697326 0.0351212 0.0842078 0.417078 149114 143552 1.03875 1.87055e+06 1.43353e+06 1.30486
841 59546 1.3826e-13 6.21491e-15 1.34726 0.046787 0.0180149 2.59713 223231 127716 1.74787 1.12589e+07 3.66431e+06 3.07259
919 60487 1.22654e-10 2.2694e-13 2.73277 0.0941701 0.154587 0.609172 986102 917590 1.07467 9.19503e+07 6.83528e+07 1.34523
453 54254 5.57394e-17 5.03042e-15 -1.95544 0.058224 0.111384 0.522731 304343 161202 1.88796 7.8396e+06 2.1738e+06 3.6064
1212 53479 5.06258e-11 9.30103e-17 5.73584 0.040452 0.0517261 0.782042 85476 67726 1.26209 462790 209640 2.20755
736 75236 1.07147e-13 3.61468e-13 -0.528092 0.0509698 0.067064 0.760017 300039 240576 1.24717 1.69214e+07 9.28709e+06 1.82203
570 62515 3.30256e-13 1.61412e-13 0.310915 0.12711 0.149984 0.847488 438460 396760 1.1051 5.67459e+07 4.35906e+07 1.30179
826 83148 2.65195e-12 1.01459e-12 0.417274 0.13097 0.0914061 1.43284 1.51795e+06 784551 1.9348 2.77731e+08 8.31621e+07 3.33963
224 47823 1.06627e-12 1.64017e-14 1.81298 0.05462 0.0334911 1.63088 84162 68433 1.22985 6.71127e+06 4.31275e+06 1.55615
839 90251 6.39488e-14 2.12634e-14 0.478201 0.048372 0.025888 1.86851 316916 196201 1.61526 1.3451e+07 4.98328e+06 2.69923
461 62238 2.37085e-15 6.28239e-14 -1.42322 0.0530169 0.10857 0.48832 306498 223423 1.37183 9.1691e+06 5.23691e+06 1.75086
2565 102863 2.71032e-06 0.000230637 -1.92991 0.0630851 0.073729 0.855634 313150 241428 1.29707 5.08925e+06 2.82445e+06 1.80186
582 102043 2.26272e-08 2.73116e-12 3.91828 0.698029 0.305621 2.28397 3.41069e+06 4.99643e+06 0.682625 1.17671e+09 3.6616e+09 0.321366
549 104754 3.36049e-11 1.65405e-12 1.30785 0.415954 0.235358 1.76733 2.14872e+06 2.65946e+06 0.807955 7.44749e+08 1.23693e+09 0.602096
572 96528 6.90961e-13 7.75999e-13 -0.0504076 0.193646 0.251256 0.770712 804611 693985 1.15941 1.25549e+08 9.29732e+07 1.35038
901 82497 1.96959e-13 2.74069e-14 0.856515 0.0855899 0.181341 0.471983 649451 598118 1.08582 6.18837e+07 7.06057e+07 0.876468
738 75236 4.4352e-13 3.53395e-14 1.09865 0.052484 0.069263 0.75775 316985 237460 1.3349 1.95596e+07 8.94047e+06 2.18776
551 141966 1.13016e-09 3.4977e-12 2.50936 1.49817 0.355633 4.21269 3.36101e+06 4.1815e+06 0.803781 1.56917e+09 2.81223e+09 0.557981
455 62900 4.25721e-11 5.72375e-11 -0.128555 0.0700369 0.147317 0.475416 364053 275651 1.3207 1.34888e+07 7.96839e+06 1.69279
584 153563 2.31223e-08 4.93472e-12 3.67077 1.61289 0.598953 2.69284 5.7269e+06 9.96365e+06 0.57478 2.21771e+09 9.84441e+09 0.225276
574 130528 5.84658e-13 1.9987e-12 -0.533846 0.33095 0.364995 0.906725 1.24795e+06 1.05466e+06 1.18327 2.39546e+08 1.76893e+08 1.35419
1941 44945 1.01892e-12 1.04387e-15 2.98949 0.039145 0.0146561 2.67091 70730 56953 1.2419 7.9856e+06 3.6203e+06 2.20578
552 179578 3.81625e-11 9.215e-12 0.617142 1.83146 0.433648 4.22339 4.23714e+06 5.76243e+06 0.735304 1.94973e+09 4.25216e+09 0.458526
2232 2750 3.99361e-12 7.43149e-15 2.73029 0.0213509 0.00313497 6.81056 10261 8103 1.26632 239341 158022 1.51461
2566 206063 3.81453e-06 1.8333e-09 3.31821 0.109489 0.161854 0.676469 621362 473702 1.31171 1.00102e+07 5.425e+06 1.84519
576 164537 6.08918e-13 3.63404e-12 -0.775831 0.576526 0.561657 1.02647 1.73374e+06 1.56801e+06 1.1057 3.92485e+08 3.2469e+08 1.2088
284 213896 3.07567e-10 1.3334e-14 4.36298 0.130094 0.372682 0.349074 1.26451e+06 899911 1.40515 1.93103e+08 8.81153e+07 2.19149
586 205083 4.16213e-08 8.74757e-12 3.67743 2.16318 0.820671 2.63586 7.92512e+06 1.46098e+07 0.542454 3.18411e+09 1.568e+10 0.203069
740 75194 1.19541e-13 3.68273e-13 -0.488652 0.056422 0.0818601 0.689249 301335 243260 1.23874 1.63107e+07 9.37543e+06 1.73973
742 75204 1.81044e-13 2.69477e-13 -0.172739 0.054369 0.0680799 0.798605 288484 241136 1.19635 1.48546e+07 9.01316e+06 1.6481
578 198542 2.53099e-06 3.65405e-12 5.84052 0.678769 0.63183 1.07429 2.02895e+06 2.00182e+06 1.01355 4.35449e+08 4.7158e+08 0.923383
452 237759 1.72056e-17 7.74473e-15 -2.65334 0.161416 0.553781 0.29148 1.27863e+06 806230 1.58594 3.34163e+07 1.5423e+07 2.16666
588 256603 1.6723e-07 1.44083e-11 4.0647 3.20832 0.97688 3.28425 1.03029e+07 1.88514e+07 0.546529 4.26553e+09 1.97131e+10 0.21638
554 254780 5.48102e-11 2.69455e-11 0.308374 4.43315 0.628088 7.05817 6.54733e+06 9.97871e+06 0.65613 3.38849e+09 1.00891e+10 0.335857
920 268032 2.07829e-08 2.74172e-12 3.87968 7.25916 0.62989 11.5245 6.6269e+06 1.22368e+07 0.541555 5.0041e+09 1.56047e+10 0.32068
744 75204 4.98779e-14 3.68301e-13 -0.868295 0.0621819 0.0786119 0.791 275994 241206 1.14423 1.33372e+07 9.01448e+06 1.47953
283 326852 9.98161e-11 6.71457e-14 3.17218 0.298826 0.633698 0.471559 3.8455e+06 3.63019e+06 1.05931 1.65202e+09 1.95276e+09 0.845993
590 308123 4.35995e-08 2.15267e-11 3.3065 3.73819 1.53023 2.4429 1.25062e+07 2.95538e+07 0.423166 5.21322e+09 4.33853e+10 0.120161
1869 381326 4.5976e-13 2.18164e-12 -0.676253 17.7262 1.84894 9.58721 1.68521e+07 7.97679e+06 2.11264 5.02075e+09 2.78504e+09 1.80276
746 75204 9.20665e-14 3.68301e-13 -0.602102 0.0524879 0.0709991 0.739274 297221 243997 1.21813 1.55139e+07 9.49409e+06 1.63405
556 329983 9.49626e-11 5.83003e-11 0.211882 7.09509 0.912176 7.77821 9.17596e+06 1.32467e+07 0.692696 5.33162e+09 1.26078e+10 0.422883
592 359635 5.22593e-08 1.4892e-11 3.54521 4.79308 1.48999 3.21686 1.48495e+07 3.88234e+07 0.38249 6.3133e+09 6.64979e+10 0.0949399
2567 412136 1.30799e-05 0.0856482 -3.81611 0.187734 0.336075 0.558608 1.25735e+06 962981 1.30569 2.0513e+07 1.12136e+07 1.8293
1405 187098 5.62343e-13 1.49458e-16 3.57548 0.0414879 0.0447991 0.926089 271870 208495 1.30396 9.07947e+06 5.20553e+06 1.7442
558 405195 1.65784e-10 5.86152e-11 0.451532 10.8099 1.14423 9.44724 1.21912e+07 2.17296e+07 0.561042 8.12872e+09 3.02168e+10 0.269013
894 164188 1.68497e-21 1.249e-16 -4.86997 0.0933781 0.246203 0.379273 180798 164188 1.10116 215423 164187 1.31206
1333 389158 2.2257e-09 8.7694e-13 3.4045 0.433212 0.539439 0.803079 2.43772e+06 2.05416e+06 1.18673 6.16801e+08 5.23939e+08 1.17724
1335 414305 9.38434e-09 1.02868e-12 3.96012 0.478176 0.54666 0.874723 2.81991e+06 2.15255e+06 1.31003 7.53821e+08 5.78583e+08 1.30288
236 540022 1.0112e-11 3.31479e-12 0.484381 12.1837 0.983642 12.3863 8.42735e+06 6.71297e+06 1.25538 1.42827e+10 1.02539e+10 1.39291
235 543160 1.12981e-08 1.45208e-13 4.89102 22.8639 1.12855 20.2595 9.35347e+06 7.45957e+06 1.25389 1.82639e+10 1.2415e+10 1.47111
899 553562 4.51619e-12 9.35813e-10 -2.31642 0.4024 0.332253 1.21113 6.17706e+06 3.76976e+06 1.63858 1.4829e+09 5.1869e+08 2.85893
560 480404 2.90207e-10 2.95065e-11 0.99279 15.9253 1.29811 12.2681 1.46917e+07 2.23872e+07 0.656252 1.02886e+10 2.58745e+10 0.397635
921 526566 7.65677e-08 1.0868e-12 4.84789 68.7959 1.57812 43.5936 1.81617e+07 2.83083e+07 0.641569 2.34792e+10 5.67578e+10 0.413673
2233 2750 3.99361e-12 7.43149e-15 2.73029 0.023773 0.00353789 6.71952 10261 8103 1.26632 239341 158022 1.51461
