% id nnzA myErr umfErr logratio myElaps umfElaps ratio mynnz umfnnz ratio myflop umfflop ratio
 results = [449 15 1.38778e-17 2.77556e-17 -0.30103 0.0402159 0.000813071 49.4618 19 19 1 18 18 1
185 50 4.44089e-16 0 Inf 0.000426543 0.0169816 0.025118 35 27 1.2963 101 51 1.98039
1199 98 5.73985e-14 2.86229e-17 3.30219 0.000693382 0.000490184 1.41453 148 130 1.13846 298 186 1.60215
464 144 8.65166e-16 1.83187e-15 -0.325795 0.000990073 0.000784263 1.26242 228 208 1.09615 419 329 1.27356
462 188 5.64823e-18 6.10623e-16 -2.03386 0.0010075 0.000841899 1.1967 323 284 1.13732 625 494 1.26518
262 292 2.91434e-15 1.27676e-15 0.358431 0.00165834 0.00135811 1.22106 684 641 1.06708 3549 3060 1.1598
172 196 6.75726e-16 4.35267e-16 0.191015 0.000823433 0.00062327 1.32115 285 299 0.953177 996 1194 0.834171
264 63 8.67362e-17 5.53708e-17 0.194919 0.000563843 0.000391153 1.44149 89 89 1 132 135 0.977778
173 16 0 0 NaN 0.00043841 0.000185298 2.36597 15 19 0.789474 10 15 0.666667
263 250 7.27618e-12 4.996e-16 4.16328 0.00126497 0.0010932 1.15713 390 335 1.16418 749 533 1.40525
334 467 7.17482e-15 7.52176e-15 -0.0205087 0.00194944 0.00177637 1.09743 1756 1493 1.17616 16924 10467 1.61689
265 250 1.15774e-13 8.88178e-16 2.11511 0.00121701 0.00121654 1.00038 383 333 1.15015 708 528 1.34091
171 76 1.26797e-16 4.77049e-17 0.424548 0.000614977 0.000397998 1.54518 102 93 1.09677 143 115 1.24348
158 527 6.17562e-16 4.51028e-17 1.13648 0.00154521 0.00138052 1.1193 468 499 0.937876 760 896 0.848214
273 667 1.11022e-15 2.91434e-16 0.580871 0.00461209 0.00282667 1.63163 1206 1230 0.980488 3738 3716 1.00592
1325 740 7.34837e-15 3.78871e-16 1.2877 0.00182535 0.00174099 1.04846 1311 1181 1.11008 5932 4424 1.34087
313 935 1.66052e-14 1.06152e-15 1.19432 0.00261063 0.00259082 1.00765 3841 2832 1.35629 54796 24490 2.23748
141 883 9.31323e-10 3.496e-16 6.42553 0.00413923 0.00326377 1.26823 2798 1519 1.842 56575 7553 7.4904
2338 1174 2.28866e-13 3.9826e-15 1.75941 0.0014286 0.00152409 0.93735 1302 1319 0.987111 17865 16718 1.06861
175 319 4.34541e-16 5.66826e-12 -4.11542 0.00113259 0.000881213 1.28526 534 527 1.01328 4376 4425 0.988927
174 248 2.86229e-17 8.61341e-17 -0.478461 0.00129618 0.00129542 1.00059 357 348 1.02586 439 381 1.15223
2559 1514 4.87553e-12 4.15399e-15 3.06956 0.00310862 0.00262148 1.18583 3733 3214 1.16148 49214 36841 1.33585
268 429 1.19123e-14 7.80192e-16 1.1838 0.00183935 0.00151595 1.21333 723 616 1.1737 2810 2185 1.28604
1641 324 2.12574e-12 1.17961e-16 4.25577 0.000504906 0.00035852 1.40831 324 324 1 3723 3723 1
335 1847 4.05772e-14 1.01177e-12 -1.3968 0.00718256 0.00733317 0.979462 11379 11022 1.03239 218509 204574 1.06812
267 1255 1.88922e-14 5.34295e-15 0.548502 0.00496788 0.0042463 1.16993 3414 2921 1.16878 25395 22666 1.1204
266 2053 7.68549e-13 4.3575e-15 2.24643 0.00724151 0.00755639 0.958329 10493 9956 1.05394 277703 205280 1.3528
1639 324 2.12574e-12 1.17961e-16 4.25577 0.000468635 0.000455119 1.0297 324 324 1 3723 3723 1
2015 2400 5.73527e-15 1.59872e-14 -0.445219 0.0153368 0.0124986 1.22709 9756 15856 0.615288 99782 488445 0.204285
269 1966 1.08282e-14 5.22117e-15 0.316787 0.00771515 0.00611926 1.2608 5913 5494 1.07627 56505 54850 1.03017
255 884 1.75771e-15 2.52832e-15 -0.157885 0.00206924 0.00204527 1.01172 1832 1551 1.18117 16956 9538 1.77773
824 3019 3.56789e-14 6.80536e-15 0.71956 0.00926581 0.00554139 1.67211 8582 6663 1.28801 222757 119978 1.85665
256 748 1.68106e-16 8.2781e-15 -1.69235 0.0021885 0.00203938 1.07312 1419 1360 1.04338 7771 7298 1.06481
2560 3170 4.39409e-11 3.346e-15 4.11834 0.00614321 0.00473905 1.29629 7525 7494 1.00414 98841 96976 1.01923
257 1743 8.72219e-15 6.80879e-15 0.107556 0.00380314 0.00350177 1.08606 3817 3371 1.1323 44719 33760 1.32461
270 2604 8.73607e-14 1.11022e-15 1.89591 0.00901941 0.00786608 1.14662 4600 3782 1.21629 16003 9043 1.76966
1637 324 2.12574e-12 1.17961e-16 4.25577 0.000423277 0.000351074 1.20566 324 324 1 3723 3723 1
87 125 6.48787e-16 1.52656e-16 0.628389 0.000816964 0.000574819 1.42125 187 173 1.08092 332 291 1.14089
88 583 1.42109e-14 5.82867e-16 1.38705 0.00270474 0.00181262 1.49217 991 887 1.11725 2989 2049 1.45876
89 818 1.42109e-14 2.56739e-16 1.74313 0.00257445 0.00259681 0.991389 1448 1352 1.07101 4349 3844 1.13137
450 3235 3.27312e-13 2.74729e-15 2.07606 0.0126623 0.0108383 1.16829 8256 6100 1.35344 50699 24928 2.03382
451 3734 3.41198e-16 2.0834e-15 -0.785766 0.0143726 0.0151191 0.950622 12296 6670 1.84348 128239 25881 4.95495
90 1105 8.02484e-15 3.77956e-15 0.326995 0.00423499 0.00353914 1.19662 2080 1869 1.11289 8972 6656 1.34796
83 1014 2.36085e-15 1.13451e-15 0.31826 0.00305495 0.00359493 0.849793 1966 1626 1.2091 9301 5517 1.68588
84 1091 4.61149e-14 2.40433e-15 1.28285 0.00368571 0.00346078 1.065 2189 1952 1.12141 11134 8331 1.33645
85 1880 2.37605e-14 2.88138e-15 0.916256 0.00880972 0.00911526 0.96648 4047 3593 1.12636 24357 17357 1.4033
86 1155 1.06581e-14 2.68297e-15 0.599066 0.00368895 0.00333234 1.10701 2233 2068 1.07979 11328 9232 1.22704
1638 324 2.12574e-12 1.17961e-16 4.25577 0.000425669 0.000340784 1.24909 324 324 1 3723 3723 1
271 3988 3.99711e-14 1.88738e-15 1.32589 0.0157275 0.0132251 1.18922 7429 6055 1.22692 29991 16475 1.82039
1896 5056 9.32355e-15 1.59097e-15 0.767918 0.0176956 0.0162867 1.08651 17011 14483 1.17455 244220 174207 1.4019
2561 6333 5.70062e-11 3.72228e-15 4.18511 0.0126279 0.0089183 1.41596 16447 15777 1.04247 227399 205627 1.10588
272 5453 4.99983e-14 1.22125e-15 1.61215 0.0196832 0.0181504 1.08445 10475 8077 1.29689 45170 20102 2.24704
208 4744 7.92933e-14 1.4625e-14 0.73414 0.0156642 0.0115706 1.3538 11663 11611 1.00448 270225 307293 0.879372
467 25 5.55112e-17 0 Inf 0.000413273 0.000171386 2.41136 25 25 1 24 24 1
1640 324 2.12574e-12 1.17961e-16 4.25577 0.000471023 0.000365732 1.28789 324 324 1 3723 3723 1
1327 10143 1.97392e-12 1.28684e-15 3.1858 0.0185733 0.0139807 1.32849 20081 12194 1.64679 205109 126789 1.61772
1535 8423 2.8447e-13 6.90961e-15 1.61458 0.0363804 0.0275928 1.31847 24226 17604 1.37616 217424 92911 2.34013
836 8394 2.0638e-13 8.99281e-15 1.36077 0.0278379 0.03485 0.798792 24510 18747 1.30741 229851 114356 2.00996
2562 12773 2.61001e-10 6.92263e-14 3.57637 0.0264806 0.0227841 1.16224 35032 35192 0.995454 517559 484665 1.06787
1170 62 2.08167e-17 1.04083e-17 0.30103 0.000609154 0.000421378 1.44562 88 83 1.06024 87 74 1.17568
838 12233 1.57964e-14 4.68585e-15 0.527769 0.0161655 0.0172207 0.938726 37893 29783 1.2723 783285 497815 1.57345
1942 3802 3.62488e-14 4.75314e-16 1.88231 0.00297811 0.00266369 1.11804 2154 4705 0.457811 24824 141343 0.175629
329 17088 6.01991e-11 1.18485e-13 2.70593 0.0272217 0.0228995 1.18875 56682 71963 0.787655 3.78759e+06 6.13661e+06 0.617212
734 15914 2.92668e-14 2.15983e-13 -0.868046 0.0402937 0.0421876 0.955106 50965 41584 1.22559 1.84134e+06 1.11805e+06 1.64693
545 17279 2.90945e-11 9.70964e-14 2.47661 0.126406 0.0778713 1.62327 191802 184760 1.03811 2.10129e+07 2.09614e+07 1.00246
336 20187 3.35341e-12 4.27308e-12 -0.105253 0.111296 0.136348 0.816265 276249 284148 0.972201 2.00627e+07 2.01349e+07 0.996418
460 6001 1.01254e-13 1.1536e-15 1.94336 0.0237122 0.0230974 1.02662 27011 17984 1.50195 628602 229310 2.74128
1200 22162 4.95965e-13 9.27574e-14 0.728103 0.0830224 0.0804833 1.03155 87299 64864 1.34588 1.19128e+06 552171 2.15745
755 22711 1.04382e-13 1.62383e-14 0.808084 0.0765127 0.0796076 0.961122 59605 69463 0.858083 647455 875187 0.73979
837 10931 2.57544e-12 1.6237e-14 2.20035 0.0434959 0.0375221 1.15921 49285 25976 1.89733 879003 192930 4.55607
900 19039 1.56444e-13 4.70237e-14 0.522042 0.0923289 0.0904678 1.02057 172077 146051 1.1782 1.52088e+07 1.16756e+07 1.30261
2563 25662 1.40957e-08 9.44854e-15 6.17372 0.0540744 0.0405955 1.33203 75281 58346 1.29025 1.18761e+06 659011 1.80211
754 19924 9.95993e-12 2.7929e-14 2.5522 0.0823235 0.0822419 1.00099 52269 54021 0.967568 597988 650879 0.918739
