% id nnzA myErr umfErr logratio myElaps umfElaps ratio mynnz umfnnz ratio myflop umfflop ratio
 results = [2338 1174 2.28789e-13 3.9826e-15 1.75927 0.0231001 0.00116301 19.8624 1302 1319 0.987111 17865 16718 1.06861
2559 1514 5.61841e-12 4.15399e-15 3.13115 0.00418282 0.00119901 3.48857 3733 3214 1.16148 49214 36841 1.33585
335 1847 6.15894e-14 1.01177e-12 -1.21557 0.004884 0.00316811 1.54162 11524 11022 1.04555 225027 204574 1.09998
267 1255 1.88878e-14 5.34295e-15 0.548401 0.00430703 0.00180912 2.38073 3418 2921 1.17015 25700 22666 1.13386
266 2053 4.81677e-13 4.3575e-15 2.04352 0.00488997 0.0032618 1.49916 10513 9956 1.05595 278872 205280 1.3585
1864 2319 5.13478e-13 1.11022e-16 3.66511 0.00404119 0.001513 2.67097 3223 2325 1.38624 17632 7744 2.27686
2015 2400 4.81097e-15 1.59872e-14 -0.52154 0.00626993 0.00517011 1.21273 9720 15856 0.613017 99201 488445 0.203096
149 1217 0.000459923 5.78981e-17 12.9 0.00429583 0.00101709 4.22363 3600 2438 1.47662 34622 12812 2.70231
269 1966 1.09254e-14 5.22117e-15 0.320668 0.0050621 0.00254488 1.98913 5935 5494 1.08027 57596 54850 1.05006
824 3019 3.92533e-14 6.80536e-15 0.761025 0.00453901 0.00260305 1.74373 8582 6663 1.28801 222757 119978 1.85665
2560 3170 5.37268e-11 3.346e-15 4.20566 0.00452089 0.00191116 2.36552 7526 7494 1.00427 98887 96976 1.01971
257 1743 7.15281e-15 6.80879e-15 0.0214066 0.00428295 0.00133204 3.21532 3817 3371 1.1323 44719 33760 1.32461
270 2604 2.77159e-14 1.11022e-15 1.39732 0.00483894 0.00332212 1.45658 4603 3782 1.21708 16068 9043 1.77684
450 3235 2.77204e-13 2.74729e-15 2.00389 0.00543594 0.004529 1.20025 8257 6100 1.35361 50726 24928 2.0349
451 3734 1.98089e-16 2.0834e-15 -1.02191 0.00545216 0.0051949 1.04952 12312 6670 1.84588 128603 25881 4.96901
90 1105 3.79211e-15 3.77956e-15 0.00143877 0.00433397 0.00140595 3.08258 2085 1869 1.11557 9041 6656 1.35832
83 1014 1.42109e-14 1.13451e-15 1.09781 0.00424695 0.00121593 3.49275 1974 1626 1.21402 9479 5517 1.71814
84 1091 4.07858e-14 2.40433e-15 1.22952 0.00424099 0.00142598 2.97408 2200 1952 1.12705 11275 8331 1.35338
85 1880 2.73132e-14 2.88138e-15 0.976773 0.00453305 0.00257516 1.7603 4050 3593 1.12719 24415 17357 1.40664
86 1155 1.06581e-14 2.68297e-15 0.599066 0.00401402 0.00136614 2.93822 2237 2068 1.08172 11374 9232 1.23202
271 3988 9.68979e-14 1.88738e-15 1.71046 0.0055511 0.00564599 0.983193 7430 6055 1.22709 30061 16475 1.82464
1896 5056 5.21912e-15 1.59097e-15 0.515934 0.00589299 0.00874114 0.674167 17001 14483 1.17386 244746 174207 1.40491
2561 6333 4.55492e-11 3.72228e-15 4.08767 0.00597811 0.00365281 1.63658 16454 15777 1.04291 227798 205627 1.10782
272 5453 4.99715e-14 1.22125e-15 1.61192 0.00619411 0.00756884 0.818371 10472 8077 1.29652 45160 20102 2.24654
893 2473 1.63075e-20 1.249e-16 -3.88418 0.00534987 0.0022769 2.34963 4061 2473 1.64214 8943 2472 3.61772
208 4744 1.23504e-13 1.4625e-14 0.926583 0.00594997 0.00507212 1.17308 11665 11611 1.00465 270361 307293 0.879815
287 7764 4.22542e-15 2.77556e-16 1.18252 0.00717497 0.00465798 1.54036 19991 14345 1.39359 138895 53153 2.61312
1327 10143 2.01716e-11 1.28684e-15 4.19521 0.00708103 0.00498509 1.42044 20098 12194 1.64819 205744 126789 1.62273
1535 8423 4.29702e-13 6.90961e-15 1.79371 0.00792503 0.010551 0.751119 24321 17604 1.38156 220362 92911 2.37175
836 8394 6.8065e-13 8.99281e-15 1.87903 0.00784898 0.010268 0.764414 24536 18747 1.3088 230636 114356 2.01682
2562 12773 1.17566e-10 6.92263e-14 3.23001 0.00853682 0.0072732 1.17374 35033 35192 0.995482 517591 484665 1.06794
838 12233 1.74523e-14 4.68585e-15 0.571065 0.00616384 0.00436115 1.41335 37293 29783 1.25216 751343 497815 1.50928
1942 3802 2.95874e-14 4.75314e-16 1.79413 0.00708294 0.00136614 5.18464 2132 4705 0.453135 24835 141343 0.175707
329 17088 7.46989e-11 1.18485e-13 2.79965 0.00759315 0.00727201 1.04416 56704 71963 0.78796 3.7887e+06 6.13661e+06 0.617393
1865 18447 1.13798e-13 1.11022e-16 3.01072 0.007586 0.0424099 0.178873 28962 18453 1.5695 178843 61504 2.90783
734 15914 3.02861e-14 2.15983e-13 -0.853177 0.00820804 0.012862 0.638163 50973 41584 1.22578 1.842e+06 1.11805e+06 1.64751
545 17279 2.98464e-11 9.70964e-14 2.48769 0.01738 0.0299382 0.580529 192027 184760 1.03933 2.10452e+07 2.09614e+07 1.004
336 20187 3.38453e-12 4.27308e-12 -0.101242 0.0206258 0.042861 0.481226 276304 284148 0.972395 1.99352e+07 2.01349e+07 0.990085
460 6001 8.7068e-14 1.1536e-15 1.8778 0.00699592 0.00985503 0.709883 27191 17984 1.51196 641964 229310 2.79955
823 21118 1.10767e-12 1.14739e-14 1.9847 0.018661 0.020026 0.931841 223899 101336 2.20947 2.39371e+07 5.11613e+06 4.67874
1200 22162 6.28166e-13 9.27574e-14 0.830726 0.0167232 0.0344679 0.48518 87743 64864 1.35272 1.20523e+06 552171 2.18271
755 22711 8.73815e-14 1.62383e-14 0.730879 0.017534 0.034796 0.503909 59625 69463 0.858371 646354 875187 0.738532
837 10931 2.49199e-12 1.6237e-14 2.18604 0.00977397 0.0174341 0.560623 49377 25976 1.90087 883596 192930 4.57988
900 19039 1.56036e-13 4.70237e-14 0.520909 0.0159459 0.0399311 0.399336 172093 146051 1.17831 1.52099e+07 1.16756e+07 1.3027
2563 25662 9.36959e-09 9.44854e-15 5.99636 0.01491 0.015831 0.941822 75274 58346 1.29013 1.18708e+06 659011 1.8013
754 19924 2.27845e-12 2.7929e-14 1.91158 0.0180149 0.037689 0.477989 52510 54021 0.972029 607630 650879 0.933553
457 17363 1.19209e-07 6.71406e-15 7.24933 0.0124938 0.023695 0.527278 134138 108910 1.23164 9.10833e+06 8.21212e+06 1.10913
917 26503 1.47222e-12 1.94491e-13 0.879072 0.0261879 0.0666151 0.393123 330487 275289 1.20051 2.02856e+07 1.16295e+07 1.74432
157 31184 3.37303e-13 3.14145e-14 1.03089 0.0335958 0.0213811 1.57128 62856 59244 1.06097 746595 608271 1.22741
156 31425 1.42243e-12 7.86593e-14 1.25728 0.0127459 0.0234401 0.543762 64068 58564 1.09398 795551 573288 1.3877
1866 36879 1.81941e-11 1.66533e-16 5.03843 0.011713 0.173608 0.0674683 59746 38932 1.53462 377501 139326 2.70948
735 15914 2.93924e-14 7.59895e-14 -0.412519 0.00846601 0.0141442 0.59855 47062 40936 1.14965 1.46954e+06 1.08402e+06 1.35564
568 27491 3.41551e-13 7.08623e-14 0.68304 0.0281119 0.0550339 0.510811 163665 123268 1.32772 1.65476e+07 6.84605e+06 2.4171
825 41814 1.40653e-12 8.53971e-15 2.2167 0.062753 0.0417831 1.50187 670959 276643 2.42536 1.14799e+08 2.23523e+07 5.13589
918 41767 4.78311e-12 3.3906e-12 0.149433 0.0647891 0.0976241 0.663659 600275 494233 1.21456 4.6341e+07 2.94853e+07 1.57166
547 41057 2.40623e-11 1.21775e-12 1.29578 0.0625021 0.0764189 0.817889 633147 694112 0.912168 1.23362e+08 1.39672e+08 0.883224
2564 51400 0.00144108 4.48672e-12 8.50676 0.044668 0.0311911 1.43207 155484 122551 1.26873 2.52806e+06 1.46732e+06 1.72291
902 42204 3.41864e-14 2.73893e-14 0.0962722 0.0672221 0.133703 0.502772 428181 455870 0.939261 5.97729e+07 7.35559e+07 0.812619
580 50523 6.53237e-09 3.19118e-12 3.31112 0.128966 0.13846 0.931433 1.43178e+06 1.46857e+06 0.974951 4.3199e+08 6.02113e+08 0.717456
454 22317 2.22935e-11 5.85659e-15 3.58053 0.0360351 0.0385849 0.933915 119778 70582 1.697 4.1253e+06 1.05348e+06 3.91588
840 53668 1.27898e-13 3.41291e-15 1.57374 0.0395849 0.016726 2.36666 169862 108941 1.55921 4.76181e+06 2.01026e+06 2.36875
465 26647 5.56007e-11 7.92053e-15 3.84633 0.0130799 0.0301971 0.43315 85889 48537 1.76956 2.99907e+06 1.00016e+06 2.9986
756 50904 7.13454e-13 1.01993e-13 0.844794 0.055516 0.082865 0.669957 149114 159818 0.933024 1.87055e+06 1.71024e+06 1.09373
841 59546 1.18051e-13 4.55446e-15 1.41363 0.0455101 0.017442 2.60922 223068 127716 1.74659 1.12348e+07 3.66431e+06 3.066
919 60487 1.25955e-10 2.33122e-13 2.73263 0.098892 0.152171 0.649874 986111 925453 1.06554 9.19521e+07 6.95627e+07 1.32186
453 54254 5.57394e-17 1.17696e-14 -2.3246 0.058671 0.110755 0.529737 304343 161239 1.88753 7.83957e+06 2.17433e+06 3.60551
1212 53479 4.33484e-11 1.04306e-16 5.61867 0.043792 0.0477121 0.917839 85477 67726 1.2621 462759 209640 2.2074
736 75236 1.07147e-13 2.08817e-13 -0.289788 0.052891 0.0678921 0.779046 300039 240575 1.24717 1.69214e+07 9.28715e+06 1.82202
