% id nnzA myErr umfErr logratio myElaps umfElaps ratio mynnz umfnnz ratio myflop umfflop ratio
 results = [449 15 1.38778e-17 2.77556e-17 -0.30103 0.000105175 0.000140532 0.748406 19 19 1 18 18 1
185 50 4.44089e-16 0 Inf 0.00011054 0.00017593 0.628318 35 27 1.2963 101 51 1.98039
186 76 7.77156e-16 8.32667e-17 0.970037 0.000117209 0.000181762 0.644849 38 48 0.791667 128 191 0.670157
1199 98 5.73985e-14 2.86229e-17 3.30219 0.000178961 0.000351405 0.509273 148 130 1.13846 298 186 1.60215
464 144 8.65166e-16 1.83187e-15 -0.325795 0.000306797 0.000618604 0.495951 228 208 1.09615 419 329 1.27356
462 188 5.64823e-18 6.10623e-16 -2.03386 0.000285057 0.000602374 0.473223 323 284 1.13732 625 494 1.26518
262 292 1.96393e-15 1.27676e-15 0.187018 0.000330173 0.000789295 0.418314 684 641 1.06708 3549 3060 1.1598
172 196 6.75726e-16 4.35267e-16 0.191015 0.000172679 0.000404173 0.42724 285 299 0.953177 996 1194 0.834171
264 63 8.67362e-17 5.53708e-17 0.194919 0.000143226 0.000292915 0.488968 89 89 1 132 135 0.977778
173 16 0 0 NaN 0.000123398 0.000140626 0.877491 15 19 0.789474 10 15 0.666667
263 250 7.27618e-12 4.996e-16 4.16328 0.000329961 0.000754434 0.437362 390 335 1.16418 749 533 1.40525
334 467 7.17482e-15 7.52176e-15 -0.0205087 0.00071821 0.0011786 0.609376 1756 1493 1.17616 16924 10467 1.61689
265 250 1.15774e-13 8.88178e-16 2.11511 0.000324271 0.000741397 0.437378 383 333 1.15015 708 528 1.34091
171 76 1.26797e-16 4.77049e-17 0.424548 0.000164609 0.000299284 0.550009 102 93 1.09677 143 115 1.24348
158 527 6.17562e-16 4.51028e-17 1.13648 0.000400503 0.000916328 0.437074 468 499 0.937876 760 896 0.848214
273 667 1.11022e-15 2.91434e-16 0.580871 0.000789803 0.00150527 0.524691 1206 1230 0.980488 3738 3716 1.00592
1326 60 1.1817e-13 2.22046e-16 2.72606 0.000153118 0.000277225 0.552324 157 73 2.15068 1131 149 7.5906
1325 740 7.12632e-15 3.78871e-16 1.27437 0.000598521 0.00101342 0.590593 1311 1181 1.11008 5932 4424 1.34087
313 935 1.70492e-14 1.06152e-15 1.20578 0.0192439 0.0163353 1.17806 3841 2832 1.35629 54796 24490 2.23748
1943 335 4.27436e-15 1.31839e-16 1.51083 0.000214848 0.000378821 0.567149 223 323 0.690402 1055 2702 0.390452
141 883 9.31323e-10 3.496e-16 6.42553 0.000893984 0.00742138 0.120461 2798 1519 1.842 56575 7553 7.4904
2338 1174 2.28866e-13 3.9826e-15 1.75941 0.000280331 0.000861947 0.32523 1302 1319 0.987111 17865 16718 1.06861
175 319 4.34541e-16 5.66826e-12 -4.11542 0.000233491 0.000644841 0.362091 534 527 1.01328 4376 4425 0.988927
174 248 2.86229e-17 8.61341e-17 -0.478461 0.000369121 0.000769891 0.479446 357 348 1.02586 439 381 1.15223
2559 1514 4.87553e-12 4.15399e-15 3.06956 0.00100183 0.0016343 0.613001 3733 3214 1.16148 49214 36841 1.33585
268 429 1.19123e-14 7.80192e-16 1.1838 0.000467549 0.00109309 0.427731 723 616 1.1737 2810 2185 1.28604
1641 324 2.12574e-12 1.17961e-16 4.25577 9.2539e-05 0.00024179 0.382725 324 324 1 3723 3723 1
335 1847 5.13834e-14 1.01177e-12 -1.29426 0.00206375 0.00485808 0.424809 11378 11022 1.0323 218447 204574 1.06781
267 1255 1.88922e-14 5.34295e-15 0.548502 0.00138248 0.00315941 0.437576 3414 2921 1.16878 25395 22666 1.1204
266 2053 7.68549e-13 4.3575e-15 2.24643 0.00157706 0.00547127 0.288244 10494 9956 1.05404 277797 205280 1.35326
1639 324 2.12574e-12 1.17961e-16 4.25577 6.7589e-05 0.000244412 0.276537 324 324 1 3723 3723 1
1864 2319 2.42029e-13 1.11022e-16 3.33846 0.00076807 0.0018312 0.419435 3223 2325 1.38624 17632 7744 2.27686
2015 2400 5.73527e-15 1.59872e-14 -0.445219 0.00420074 0.00865336 0.485446 9756 15856 0.615288 99782 488445 0.204285
149 1217 0.000458836 5.78981e-17 12.899 0.0008273 0.00141538 0.584506 3598 2438 1.4758 34598 12812 2.70044
269 1966 1.08453e-14 5.22117e-15 0.317473 0.00216644 0.00462895 0.468019 5913 5494 1.07627 56505 54850 1.03017
255 884 1.75771e-15 2.52832e-15 -0.157885 0.000571892 0.00210426 0.271778 1832 1551 1.18117 16956 9538 1.77773
824 3019 3.82439e-14 6.80536e-15 0.749711 0.00177226 0.00364247 0.486555 8582 6663 1.28801 222757 119978 1.85665
256 748 1.68106e-16 8.2781e-15 -1.69235 0.00705045 0.00139727 5.04589 1419 1360 1.04338 7771 7298 1.06481
2560 3170 6.03264e-11 3.346e-15 4.25598 0.00239825 0.00289442 0.828578 7525 7494 1.00414 98841 96976 1.01923
257 1743 8.72219e-15 6.80879e-15 0.107556 0.00108681 0.00226069 0.480745 3817 3371 1.1323 44719 33760 1.32461
270 2604 8.73607e-14 1.11022e-15 1.89591 0.00240484 0.00511496 0.470158 4600 3782 1.21629 16003 9043 1.76966
1637 324 2.12574e-12 1.17961e-16 4.25577 5.9431e-05 0.000228472 0.260124 324 324 1 3723 3723 1
87 125 6.48787e-16 1.52656e-16 0.628389 0.000229992 0.000508378 0.452403 187 173 1.08092 332 291 1.14089
88 583 1.42109e-14 5.82867e-16 1.38705 0.000776421 0.00116149 0.668473 991 887 1.11725 2989 2049 1.45876
89 818 1.42109e-14 2.56739e-16 1.74313 0.00082468 0.00169679 0.486025 1448 1352 1.07101 4349 3844 1.13137
450 3235 2.77901e-13 2.74729e-15 2.00499 0.00347759 0.00762002 0.456376 8257 6100 1.35361 50706 24928 2.0341
451 3734 3.41198e-16 2.0834e-15 -0.785766 0.00380742 0.00873214 0.436023 12296 6670 1.84348 128239 25881 4.95495
90 1105 8.02484e-15 3.77956e-15 0.326995 0.00116674 0.00244547 0.477103 2080 1869 1.11289 8972 6656 1.34796
83 1014 2.36085e-15 1.13451e-15 0.31826 0.000885913 0.00192818 0.459455 1966 1626 1.2091 9301 5517 1.68588
84 1091 4.61149e-14 2.40433e-15 1.28285 0.000962501 0.00226839 0.424311 2189 1952 1.12141 11134 8331 1.33645
85 1880 3.30829e-14 2.88138e-15 1.06 0.0171257 0.0196484 0.871609 4046 3593 1.12608 24334 17357 1.40197
86 1155 1.06581e-14 2.68297e-15 0.599066 0.00103616 0.0022885 0.452767 2233 2068 1.07979 11328 9232 1.22704
1638 324 2.12574e-12 1.17961e-16 4.25577 6.4483e-05 0.000258916 0.24905 324 324 1 3723 3723 1
271 3988 3.99711e-14 1.88738e-15 1.32589 0.00369097 0.00964135 0.382828 7429 6055 1.22692 29991 16475 1.82039
1896 5056 9.32354e-15 1.59097e-15 0.767917 0.00384371 0.0121156 0.317253 17011 14483 1.17455 244220 174207 1.4019
2561 6333 4.42372e-11 3.72228e-15 4.07498 0.00438417 0.00523881 0.836863 16447 15777 1.04247 227399 205627 1.10588
272 5453 4.99983e-14 1.22125e-15 1.61215 0.00481893 0.0138404 0.348177 10475 8077 1.29689 45170 20102 2.24704
893 2473 5.77264e-21 1.249e-16 -4.33519 0.00229591 0.00312803 0.733982 4061 2473 1.64214 8943 2472 3.61772
208 4744 8.15414e-14 1.4625e-14 0.746282 0.0355908 0.0248886 1.43001 11663 11611 1.00448 270225 307293 0.879372
287 7764 4.25006e-15 2.77556e-16 1.18505 0.0130807 0.0245303 0.533246 19988 14345 1.39338 138810 53153 2.61152
467 25 5.55112e-17 0 Inf 0.000103627 0.000231212 0.448191 25 25 1 24 24 1
1640 324 2.12574e-12 1.17961e-16 4.25577 6.4444e-05 0.000236095 0.272958 324 324 1 3723 3723 1
1327 10143 1.97392e-12 1.28684e-15 3.1858 0.00479361 0.00856797 0.55948 20081 12194 1.64679 205109 126789 1.61772
1535 8423 2.79495e-13 6.90961e-15 1.60692 0.00775124 0.0187464 0.413478 24226 17604 1.37616 217418 92911 2.34007
836 8394 2.14439e-13 8.99281e-15 1.37741 0.0076965 0.0180953 0.425331 24510 18747 1.30741 229851 114356 2.00996
2562 12773 1.68594e-10 6.92263e-14 3.38657 0.00934 0.0129093 0.723509 35031 35192 0.995425 517527 484665 1.0678
1170 62 2.08167e-17 1.04083e-17 0.30103 0.000149212 0.000244349 0.610651 88 83 1.06024 87 74 1.17568
838 12233 1.76955e-14 4.68585e-15 0.577074 0.00505618 0.00750973 0.673284 37893 29783 1.2723 783285 497815 1.57345
1942 3802 3.62488e-14 4.75314e-16 1.88231 0.000703065 0.00137559 0.511101 2154 4705 0.457811 24824 141343 0.175629
329 17088 8.03009e-11 1.18485e-13 2.83106 0.00868248 0.0145073 0.598492 56682 71963 0.787655 3.78759e+06 6.13661e+06 0.617212
1865 18447 2.70006e-13 1.11022e-16 3.38596 0.00682857 0.0128586 0.531049 28960 18453 1.56939 178823 61504 2.9075
734 15914 2.92668e-14 2.15983e-13 -0.868046 0.0141714 0.0248931 0.569292 50965 41584 1.22559 1.84134e+06 1.11805e+06 1.64693
545 17279 2.98647e-11 9.70964e-14 2.48795 0.0260431 0.0492811 0.528459 191782 184760 1.03801 2.10125e+07 2.09614e+07 1.00244
