% spack g++ 10 -lopenblas NNZ< 10000
% id nnzA myErr umfErr logratio myElaps umfElaps ratio mynnz umfnnz ratio myflop umfflop ratio
 results = [449 15 6.93889e-18 6.93889e-18 0 0.000380737 0.000181304 2.09999 19 19 1 18 18 1 
185 50 5.55112e-17 0 Inf 0.000332099 0.000309362 1.0735 35 27 1.2963 101 51 1.98039 
186 76 7.77156e-17 7.77156e-17 0 0.000350607 0.000363858 0.963582 39 39 1 83 150 0.553333 
1199 98 1.51866e-17 2.1679e-17 -0.154579 0.000575259 0.000594448 0.96772 151 130 1.16154 299 186 1.60753 
464 144 8.32667e-17 1.81875e-17 0.660699 0.000802949 0.000626369 1.28191 231 205 1.12683 461 312 1.47756 
232 180 5.94691e-17 4.60481e-16 -0.888921 0.000609733 0.000355383 1.71571 309 282 1.09574 1508 1263 1.19398 
462 188 1.09071e-16 1.91904e-17 0.754625 0.000825363 0.000602013 1.371 303 282 1.07447 566 478 1.1841 
274 281 0 0 NaN 0.000645671 0.000465035 1.38844 238 205 1.16098 457 330 1.38485 
262 292 6.82564e-17 1.50048e-16 -0.342087 0.000962032 0.000854002 1.1265 708 619 1.14378 3608 2672 1.3503 
861 306 7.71399e-17 3.47129e-17 0.346787 0.000870649 0.000427401 2.03708 503 503 1 999 999 1 
172 196 4.00418e-17 1.79224e-16 -0.650883 0.00069076 0.000467748 1.47678 288 299 0.963211 1029 1194 0.861809 
264 63 2.47706e-16 1.9818e-17 1.09688 0.000426224 0.000346227 1.23105 96 89 1.07865 174 135 1.28889 
318 396 9.71445e-17 6.80012e-16 -0.845098 0.00173801 0.000483175 3.59706 442 396 1.11616 752 543 1.3849 
173 16 0 0 NaN 0.000303629 0.000146006 2.07956 16 19 0.842105 12 15 0.8 
263 250 9.28806e-18 2.57053e-17 -0.442098 0.0011307 0.000768934 1.47048 352 347 1.01441 626 587 1.06644 
293 275 1.7748e-16 3.85922e-16 -0.33735 0.000726059 0.000426149 1.70377 390 359 1.08635 2288 1854 1.23409 
334 467 9.74915e-16 1.57513e-15 -0.20835 0.00137212 0.00123909 1.10737 1851 1591 1.16342 17837 12394 1.43916 
265 250 1.38043e-17 1.08729e-16 -0.896331 0.000976384 0.000749125 1.30337 339 335 1.01194 547 532 1.0282 
188 297 4.99456e-16 1.61723e-16 0.489727 0.00370997 0.000820649 4.52078 877 745 1.17718 8404 5791 1.45122 
171 76 2.19822e-17 1.97393e-17 0.0467404 0.000434959 0.00038296 1.13578 97 93 1.04301 126 115 1.09565 
158 527 2.56437e-17 1.50846e-17 0.230449 0.00107713 0.000989474 1.08859 469 478 0.981172 794 748 1.0615 
273 667 3.39235e-17 1.73472e-17 0.29127 0.00172573 0.00149043 1.15787 1192 972 1.22634 3814 1650 2.31152 
1326 60 9.46995e-17 6.31239e-17 0.176154 0.000338319 0.000301307 1.12284 103 73 1.41096 365 149 2.44966 
298 796 3.30737e-16 1.09674e-16 0.479377 0.00115394 0.000753683 1.53107 1384 994 1.39235 4320 1983 2.17852 
1195 588 1.37852e-17 3.80221e-17 -0.440621 0.000927663 0.000720082 1.28827 722 678 1.0649 1844 1602 1.15106 
1325 740 7.12139e-17 5.93583e-17 0.0790837 0.00460589 0.00104033 4.42736 1307 1180 1.10763 6208 4322 1.43637 
253 274 5.55654e-17 4.68375e-17 0.0742101 0.000593411 0.00348279 0.170384 389 293 1.32765 1220 561 2.17469 
313 935 2.76762e-16 6.30418e-17 0.642479 0.00557677 0.00169151 3.29691 4042 2837 1.42474 56690 24654 2.29942 
306 496 8.46628e-17 6.42441e-17 0.119859 0.000602303 0.00038257 1.57436 736 496 1.48387 5490 2218 2.4752 
1943 335 6.04901e-17 6.21249e-17 -0.0115819 0.000431379 0.000455286 0.947491 259 273 0.948718 1243 1690 0.735503 
323 1065 2.39669e-16 1.3398e-16 0.25257 0.00339548 0.00137954 2.46131 3439 3371 1.02017 35109 32543 1.07885 
141 883 1.34847e-17 1.10226e-17 0.0875583 0.00715155 0.00238451 2.99918 2550 1519 1.67874 35685 7553 4.72461 
1630 1120 1.65301e-15 7.63832e-15 -0.664722 0.00891561 0.00147778 6.03312 4502 3730 1.20697 67673 45215 1.49669 
239 1128 3.30727e-17 1.18425e-16 -0.553975 0.00215142 0.00146092 1.47264 3710 3578 1.03689 37824 34486 1.09679 
2338 1174 1.00404e-14 1.04896e-15 0.980992 0.000883287 0.000887815 0.9949 1304 1319 0.988628 16720 16718 1.00012 
6 687 4.17783e-17 1.53125e-16 -0.564097 0.00121741 0.000974702 1.24901 708 721 0.981969 3766 4107 0.916971 
175 319 2.01529e-15 2.58019e-13 -2.10731 0.00861194 0.000668962 12.8736 541 527 1.02657 4643 4425 1.04927 
174 248 2.61229e-17 6.32664e-18 0.615848 0.0010327 0.000808212 1.27775 360 346 1.04046 415 377 1.1008 
1189 1109 6.99632e-17 4.59502e-17 0.182583 0.00200615 0.00172549 1.16265 1697 1502 1.12983 4707 3405 1.38238 
215 1360 4.73471e-16 4.23273e-16 0.0486734 0.00724856 0.0024143 3.00234 4904 3714 1.32041 57369 30211 1.89894 
1198 796 1.05095e-17 6.03779e-17 -0.759297 0.00124324 0.000968175 1.28411 1198 1135 1.05551 4596 3962 1.16002 
2559 1514 2.64759e-15 2.18078e-15 0.0842381 0.00169216 0.00168109 1.00658 3940 3214 1.22589 55069 36841 1.49477 
1112 708 1.13611e-16 1.09618e-16 0.015539 0.00127933 0.000994482 1.28643 1105 1061 1.04147 2991 2669 1.12064 
1169 1564 2.77501e-17 2.78043e-17 -0.000847406 0.00249982 0.0021803 1.14655 2681 2415 1.11014 9229 6668 1.38407 
268 429 1.95803e-16 2.61952e-17 0.873597 0.00126115 0.00104844 1.20288 702 603 1.16418 3122 2088 1.49521 
1641 324 8.59103e-17 3.00993e-16 -0.544511 0.000337059 0.000240763 1.39996 324 324 1 3723 3723 1 
231 1752 2.38698e-15 4.21885e-15 -0.247345 0.0047092 0.00453849 1.03761 7453 5422 1.37459 100291 47780 2.09902 
335 1847 6.71893e-14 6.56419e-15 1.01012 0.00529191 0.0048508 1.09094 12531 10233 1.22457 251078 177849 1.41175 
267 1255 3.87787e-17 2.91448e-16 -0.875968 0.00316347 0.00306055 1.03363 3191 3058 1.04349 22541 26261 0.858345 
321 1996 9.71445e-17 4.16334e-17 0.367977 0.00273844 0.00195558 1.40032 2514 1996 1.25952 4849 2743 1.76777 
266 2053 3.45788e-15 1.81769e-15 0.27929 0.00590361 0.00560538 1.0532 11041 9071 1.21718 293172 174286 1.68213 
1639 324 8.59103e-17 3.00993e-16 -0.544511 0.000360776 0.000270892 1.33181 324 324 1 3723 3723 1 
1864 2319 3.11802e-15 4.44089e-17 1.84641 0.00231102 0.0017927 1.28913 3333 2452 1.3593 18321 8766 2.09001 
2015 2400 5.73272e-17 3.3723e-15 -1.76957 0.00969146 0.00872657 1.11057 9859 14484 0.680682 129279 364014 0.355148 
926 2417 2.23333e-16 2.13125e-16 0.0203174 0.00397943 0.00296231 1.34335 7689 6851 1.12232 105391 81426 1.29432 
311 2500 7.33008e-17 7.98692e-17 -0.0372703 0.00778511 0.00375547 2.073 10715 9829 1.09014 194039 158563 1.22373 
1634 2580 1.49408e-14 2.90821e-15 0.710748 0.00431348 0.00365393 1.1805 13160 11090 1.18665 303361 217256 1.39633 
149 1217 1.02991e-16 5.14238e-17 0.301634 0.00652682 0.00139075 4.69301 3208 2438 1.31583 26675 12812 2.08203 
212 2572 1.0396e-16 1.01042e-16 0.0123647 0.00211725 0.00197975 1.06946 3241 2846 1.13879 53168 35079 1.51566 
929 2779 2.21689e-16 1.42158e-16 0.192974 0.00415095 0.00341186 1.21662 10063 8663 1.16161 163224 115896 1.40837 
190 2237 1.0165e-14 6.03903e-15 0.22614 0.00740255 0.00531587 1.39254 17731 13931 1.27277 634308 383856 1.65246 
269 1966 3.64294e-17 2.06297e-16 -0.75304 0.00456334 0.00424502 1.07499 6051 5581 1.08421 59057 53775 1.09822 
307 1436 5.07977e-17 4.55685e-17 0.0471791 0.00678976 0.00104151 6.51914 2267 1444 1.56994 15189 5466 2.77881 
1627 2814 2.04905e-16 1.36763e-17 1.17558 0.00622446 0.00634447 0.981084 5663 5111 1.108 28411 21563 1.31758 
255 884 4.1904e-16 7.77334e-16 -0.268351 0.00725438 0.00133144 5.44851 1866 1598 1.16771 17023 10352 1.64442 
824 3019 2.14382e-14 1.61963e-15 1.12177 0.00356137 0.00357123 0.99724 9084 6669 1.36212 258147 120138 2.14875 
256 748 4.20595e-17 1.23525e-16 -0.46789 0.00307701 0.00140115 2.19606 1493 1327 1.12509 8780 6809 1.28947 
2560 3170 1.50766e-14 2.36764e-15 0.803987 0.00416131 0.00289309 1.43836 8912 7609 1.17124 138039 99434 1.38825 
257 1743 3.58254e-16 2.83454e-16 0.101709 0.00312025 0.00235409 1.32545 3923 3330 1.17808 48087 32269 1.49019 
328 3234 1.35328e-16 1.2475e-17 1.03535 0.00724461 0.00725137 0.999067 6650 5785 1.14952 34997 22725 1.54002 
234 3240 4.97862e-17 1.21981e-16 -0.389184 0.00321452 0.00273081 1.17713 10146 8562 1.185 147453 88003 1.67555 
270 2604 2.0917e-17 1.98711e-16 -0.977724 0.00564087 0.00547245 1.03078 4420 3820 1.15707 16050 9117 1.76045 
1637 324 8.59103e-17 3.00993e-16 -0.544511 0.00035176 0.000267088 1.31702 324 324 1 3723 3723 1 
