% id nnzA myErr umfErr logratio myElaps umfElaps ratio mynnz umfnnz ratio myflop umfflop ratio
 results = [83 1014 2.36085e-15 1.13451e-15 0.31826 0.000976308 0.0021055 0.463695 1966 1626 1.2091 9301 5517 1.68588
84 1091 4.61149e-14 2.40433e-15 1.28285 0.00133621 0.00264687 0.504827 2189 1952 1.12141 11134 8331 1.33645
90 1105 8.02484e-15 3.77956e-15 0.326995 0.00126035 0.00229639 0.548839 2080 1869 1.11289 8972 6656 1.34796
86 1155 1.06581e-14 2.68297e-15 0.599066 0.00106084 0.00223573 0.474495 2233 2068 1.07979 11328 9232 1.22704
2338 1174 2.28866e-13 3.9826e-15 1.75941 0.000386339 0.000976269 0.39573 1302 1319 0.987111 17865 16718 1.06861
267 1255 1.88922e-14 5.34295e-15 0.548502 0.00142069 0.00298519 0.475911 3414 2921 1.16878 25395 22666 1.1204
2559 1514 4.87553e-12 4.15399e-15 3.06956 0.00109598 0.00184694 0.593405 3733 3214 1.16148 49214 36841 1.33585
257 1743 8.72219e-15 6.80879e-15 0.107556 0.00105295 0.00223061 0.472047 3817 3371 1.1323 44719 33760 1.32461
335 1847 5.13834e-14 1.01177e-12 -1.29426 0.00225743 0.00508344 0.444075 11378 11022 1.0323 218447 204574 1.06781
85 1880 3.30829e-14 2.88138e-15 1.06 0.00164245 0.00426646 0.384969 4046 3593 1.12608 24334 17357 1.40197
269 1966 1.08453e-14 5.22117e-15 0.317473 0.0019766 0.00570327 0.346573 5913 5494 1.07627 56505 54850 1.03017
266 2053 7.68549e-13 4.3575e-15 2.24643 0.00161412 0.00575212 0.280612 10494 9956 1.05404 277797 205280 1.35326
2015 2400 5.73527e-15 1.59872e-14 -0.445219 0.00474173 0.0096572 0.491005 9756 15856 0.615288 99782 488445 0.204285
270 2604 8.73607e-14 1.11022e-15 1.89591 0.00242266 0.00554686 0.436762 4600 3782 1.21629 16003 9043 1.76966
2232 2750 3.30588e-12 1.6577e-11 -0.700219 0.00176427 0.00346481 0.509195 10251 7671 1.33633 238679 147603 1.61703
2233 2750 3.30588e-12 1.6577e-11 -0.700219 0.00282351 0.00328443 0.859665 10251 7671 1.33633 238679 147603 1.61703
2234 2750 3.30588e-12 1.6577e-11 -0.700219 0.00161134 0.00331365 0.486274 10251 7671 1.33633 238679 147603 1.61703
824 3019 3.82439e-14 6.80536e-15 0.749711 0.00176748 0.00359899 0.491105 8582 6663 1.28801 222757 119978 1.85665
2560 3170 6.03264e-11 3.346e-15 4.25598 0.00203587 0.00296162 0.687417 7525 7494 1.00414 98841 96976 1.01923
450 3235 2.77901e-13 2.74729e-15 2.00499 0.00391079 0.00776313 0.503765 8257 6100 1.35361 50706 24928 2.0341
451 3734 3.41198e-16 2.0834e-15 -0.785766 0.00360307 0.00912742 0.394752 12296 6670 1.84348 128239 25881 4.95495
1942 3802 3.62488e-14 4.75314e-16 1.88231 0.000706152 0.00150001 0.470764 2154 4705 0.457811 24824 141343 0.175629
271 3988 3.99711e-14 1.88738e-15 1.32589 0.00369687 0.00974442 0.379383 7429 6055 1.22692 29991 16475 1.82039
2237 4203 1.52955e-12 2.76743e-13 0.742486 0.00294233 0.00423803 0.694269 8260 7146 1.15589 74594 51339 1.45297
2238 4203 1.52955e-12 2.76743e-13 0.742486 0.00191695 0.00470362 0.407549 8260 7146 1.15589 74594 51339 1.45297
2239 4203 1.52955e-12 2.76743e-13 0.742486 0.00200308 0.00465065 0.430708 8260 7146 1.15589 74594 51339 1.45297
208 4744 8.15414e-14 1.4625e-14 0.746282 0.00368858 0.00812376 0.454049 11663 11611 1.00448 270225 307293 0.879372
1896 5056 9.32354e-15 1.59097e-15 0.767917 0.00450425 0.0123847 0.363694 17011 14483 1.17455 244220 174207 1.4019
272 5453 4.99983e-14 1.22125e-15 1.61215 0.00487301 0.0134394 0.362592 10475 8077 1.29689 45170 20102 2.24704
460 6001 1.01254e-13 1.1536e-15 1.94336 0.00592274 0.0181702 0.325959 27011 17984 1.50195 628602 229310 2.74128
2561 6333 4.42372e-11 3.72228e-15 4.07498 0.00493445 0.00534554 0.923096 16447 15777 1.04247 227399 205627 1.10588
836 8394 2.14439e-13 8.99281e-15 1.37741 0.00818016 0.0184673 0.442954 24510 18747 1.30741 229851 114356 2.00996
1535 8423 2.79495e-13 6.90961e-15 1.60692 0.00818773 0.0197033 0.415552 24226 17604 1.37616 217418 92911 2.34007
2243 9270 1.2344e-10 1.89684e-12 1.81343 0.00424753 0.0108785 0.390452 20738 15477 1.33992 240192 117800 2.03898
2244 9270 1.2344e-10 1.89684e-12 1.81343 0.00554411 0.0127513 0.434788 20738 15477 1.33992 240192 117800 2.03898
1327 10143 1.97392e-12 1.28684e-15 3.1858 0.0046752 0.00908919 0.51437 20081 12194 1.64679 205109 126789 1.61772
837 10931 2.54667e-12 1.6237e-14 2.19547 0.0105727 0.0301279 0.350929 49285 25976 1.89733 879003 192930 4.55607
838 12233 1.76955e-14 4.68585e-15 0.577074 0.00515198 0.00831044 0.61994 37893 29783 1.2723 783285 497815 1.57345
2562 12773 1.68594e-10 6.92263e-14 3.38657 0.00880745 0.0129127 0.682078 35031 35192 0.995425 517527 484665 1.0678
734 15914 2.92668e-14 2.15983e-13 -0.868046 0.00807541 0.0245329 0.329167 50965 41584 1.22559 1.84134e+06 1.11805e+06 1.64693
735 15914 2.59684e-14 7.59895e-14 -0.466308 0.00801967 0.0243656 0.329139 47059 40936 1.14957 1.46942e+06 1.08402e+06 1.35552
329 17088 8.03009e-11 1.18485e-13 2.83106 0.00603852 0.0140301 0.430399 56682 71963 0.787655 3.78759e+06 6.13661e+06 0.617212
545 17279 2.98647e-11 9.70964e-14 2.48795 0.0253756 0.058296 0.435289 191782 184760 1.03801 2.10125e+07 2.09614e+07 1.00244
457 17363 1.19209e-07 6.71406e-15 7.24933 0.0161545 0.0461301 0.350195 133571 108910 1.22643 9.02248e+06 8.21212e+06 1.09868
2235 18385 2.91092e-11 8.16361e-15 3.55215 0.0118283 0.0391341 0.30225 24680 23864 1.03419 85102 78307 1.08677
900 19039 1.45692e-13 4.70237e-14 0.491118 0.0216299 0.0699397 0.309266 172077 146051 1.1782 1.52086e+07 1.16756e+07 1.3026
754 19924 9.95993e-12 2.7929e-14 2.5522 0.0317186 0.0704472 0.450246 52269 54021 0.967568 597988 650879 0.918739
336 20187 2.64213e-12 4.27308e-12 -0.208787 0.0375752 0.0823362 0.456363 276244 284148 0.972184 2.00622e+07 2.01349e+07 0.996389
1200 22162 4.65179e-13 9.27574e-14 0.700272 0.0260732 0.0620418 0.420253 87299 64864 1.34588 1.19128e+06 552171 2.15745
454 22317 2.22935e-11 5.85659e-15 3.58053 0.0198718 0.0715122 0.277879 119911 70582 1.69889 4.14232e+06 1.05348e+06 3.93203
755 22711 1.04382e-13 1.62383e-14 0.808084 0.0267407 0.0598218 0.447006 59605 69463 0.858083 647455 875187 0.73979
2563 25662 1.56973e-08 9.44854e-15 6.22046 0.0212856 0.0324427 0.656099 75281 58346 1.29025 1.18761e+06 659011 1.80211
917 26503 1.36152e-12 1.94491e-13 0.845125 0.049586 0.112849 0.439402 329876 275289 1.19829 2.02289e+07 1.16295e+07 1.73945
465 26647 6.46407e-11 7.92053e-15 3.91175 0.0161467 0.0573602 0.281497 85874 48537 1.76925 2.99778e+06 1.00016e+06 2.99731
568 27491 3.41638e-13 7.08623e-14 0.683151 0.0503377 0.0988841 0.509058 163653 123268 1.32762 1.65464e+07 6.84605e+06 2.41693
157 31184 3.49189e-13 3.14145e-14 1.04593 0.0162916 0.0383826 0.424454 62844 59244 1.06077 746217 608271 1.22678
156 31425 1.45046e-12 7.86593e-14 1.26576 0.0167989 0.0398298 0.421767 64071 58564 1.09403 795758 573288 1.38806
2219 31758 5.6429e-10 1.95495e-12 2.46037 0.0187338 0.0416322 0.449984 92095 61848 1.48905 2.01396e+06 813063 2.477
547 41057 2.45764e-11 1.21775e-12 1.30496 0.0844653 0.137501 0.61429 632660 694112 0.911467 1.23251e+08 1.39672e+08 0.882431
918 41767 5.45786e-12 3.3906e-12 0.206745 0.0834065 0.16725 0.498694 599500 494233 1.21299 4.62353e+07 2.94853e+07 1.56808
902 42204 2.81427e-14 2.73893e-14 0.0117851 0.0913883 0.199774 0.457458 428137 455870 0.939165 5.97725e+07 7.35559e+07 0.812613
1941 44945 6.90448e-13 1.04083e-15 2.82175 0.00753007 0.0296403 0.254048 70873 62164 1.1401 8.04898e+06 4.50762e+06 1.78564
224 47823 1.04326e-12 1.70078e-14 1.78775 0.0311168 0.0637614 0.48802 84159 68433 1.2298 6.71133e+06 4.31275e+06 1.55616
580 50523 5.32075e-09 3.19118e-12 3.22202 0.216003 0.22827 0.946259 1.4312e+06 1.46857e+06 0.974555 4.31771e+08 6.02113e+08 0.717093
756 50904 8.42348e-13 1.01993e-13 0.916919 0.0722495 0.143853 0.502244 149156 159818 0.933287 1.87724e+06 1.71024e+06 1.09764
2564 51400 0.00125385 4.48672e-12 8.44632 0.0583069 0.0800832 0.728079 155451 122551 1.26846 2.52647e+06 1.46732e+06 1.72182
748 53502 3.79623e-14 5.50351e-14 -0.161287 0.0889572 0.177899 0.500045 200276 204726 0.978264 4.42849e+06 5.06814e+06 0.87379
