% id nnzA myErr umfErr logratio myElaps umfElaps ratio mynnz umfnnz ratio myflop umfflop ratio 
 results = [2 32 1.11022e-16 1.11022e-16 0 0.000435318 0.000200363 2.17265 44 44 1 118 118 1 
3 135 2.23201e-16 1.57282e-16 0.152018 0.000542491 0.000437151 1.24097 265 265 1 1393 1393 1 
4 352 1.71159e-16 1.27502e-16 0.127883 0.00545354 0.000661065 8.24963 986 1008 0.978175 9203 9512 0.967515 
5 725 1.64297e-16 3.29602e-16 -0.302359 0.00776424 0.00115018 6.75046 2867 2523 1.13635 45837 36461 1.25715 
6 1296 3.15051e-16 1.85184e-16 0.230778 0.00602373 0.00178683 3.37119 5854 6314 0.927146 126897 145591 0.871599 
7 2107 1.87097e-16 2.07914e-16 -0.0458162 0.00837871 0.00359156 2.33289 11609 11147 1.04145 342983 331030 1.03611 
8 3200 4.11473e-16 3.94611e-16 0.0181717 0.00842699 0.00505788 1.66611 20762 22150 0.937336 787111 936657 0.840341 
9 4617 3.57954e-16 2.41534e-16 0.170849 0.010832 0.00823429 1.31547 44741 37161 1.20398 2.64547e+06 2.1189e+06 1.24851 
10 6400 4.25313e-16 2.80636e-16 0.180566 0.0150658 0.012207 1.23419 56662 63380 0.894004 3.3118e+06 4.57057e+06 0.724592 
11 8591 2.79468e-16 4.85326e-16 -0.239702 0.0203625 0.0167629 1.21473 86505 94815 0.912356 5.96671e+06 8.55487e+06 0.697463 
12 11232 6.01232e-16 2.8521e-16 0.323877 0.0273276 0.022379 1.22113 125186 150348 0.832642 1.02558e+07 1.68605e+07 0.608274 
13 14365 3.69723e-16 3.42908e-16 0.0326992 0.0371787 0.0303837 1.22364 176205 206801 0.852051 1.69978e+07 2.73203e+07 0.622168 
14 18032 4.9342e-16 5.15911e-16 -0.0193584 0.0524638 0.0384676 1.36384 242740 300562 0.80762 2.71661e+07 4.59552e+07 0.591143 
15 22275 5.28384e-16 2.60611e-16 0.306957 0.0843782 0.0492537 1.71313 393549 410059 0.959738 6.3235e+07 7.6751e+07 0.823898 
16 27136 4.53513e-16 3.85694e-16 0.0703466 0.0762137 0.0595755 1.27928 436390 557932 0.782156 6.39933e+07 1.1917e+08 0.53699 
17 32657 3.98766e-16 6.75345e-16 -0.228808 0.117997 0.0844001 1.39806 754235 749681 1.00607 1.6125e+08 1.92495e+08 0.837686 
18 38880 4.0694e-16 6.42924e-16 -0.198629 0.148284 0.105288 1.40837 878392 970718 0.904889 1.98472e+08 2.67423e+08 0.742163 
19 45847 5.32391e-16 6.21392e-16 -0.0671349 0.198221 0.134611 1.47255 1.202e+06 1.28255e+06 0.937197 3.18542e+08 4.16241e+08 0.765283 
20 53600 6.53056e-16 7.66267e-16 -0.0694299 0.220897 0.157238 1.40486 1.43932e+06 1.67656e+06 0.858496 4.18948e+08 6.14668e+08 0.681585 
21 62181 5.9876e-16 4.84596e-16 0.0918729 0.247379 0.17603 1.40533 1.5603e+06 2.07037e+06 0.75363 4.29245e+08 8.17793e+08 0.524882 
22 71632 7.15721e-16 8.21182e-16 -0.0596957 0.362611 0.231511 1.56628 2.19553e+06 2.53735e+06 0.865286 7.65131e+08 1.11078e+09 0.688823 
23 81995 6.83617e-16 8.77997e-16 -0.10868 0.398096 0.272367 1.46161 2.6072e+06 3.03572e+06 0.858839 9.69992e+08 1.42792e+09 0.679304 
24 93312 7.17597e-16 7.98945e-16 -0.0466364 0.439104 0.304036 1.44425 2.76904e+06 3.73529e+06 0.741319 9.97856e+08 1.93274e+09 0.516292 
25 105625 1.08007e-15 9.20193e-16 0.0695719 0.531981 0.382595 1.39045 3.78864e+06 4.79767e+06 0.789683 1.68817e+09 2.8887e+09 0.584404 
26 118976 1.31918e-15 7.35347e-16 0.253813 0.581018 0.437003 1.32955 4.25613e+06 5.65605e+06 0.752492 1.95259e+09 3.81587e+09 0.511702 
27 133407 1.04032e-15 8.51881e-16 0.0867883 0.730682 0.545139 1.34036 5.26167e+06 6.75648e+06 0.778759 2.70479e+09 4.80322e+09 0.56312 
28 148960 1.15865e-15 1.04761e-15 0.0437539 0.85848 0.654595 1.31147 6.42542e+06 8.13745e+06 0.78961 3.6312e+09 6.36255e+09 0.570715 
29 165677 7.80693e-16 1.8492e-15 -0.374504 0.978812 0.768676 1.27337 6.89905e+06 9.92424e+06 0.695172 3.94832e+09 8.61168e+09 0.458485 
30 183600 1.31361e-15 1.56957e-15 -0.0773145 1.6782 0.932201 1.80025 8.08938e+06 1.11845e+07 0.723264 5.09524e+09 1.00856e+10 0.505199 
31 202771 1.19251e-15 1.83041e-15 -0.186086 1.20534 0.93801 1.285 9.55274e+06 1.33726e+07 0.714349 6.51803e+09 1.31666e+10 0.495042 
32 223232 1.39229e-15 1.15182e-15 0.0823453 1.38469 1.10274 1.25568 1.10008e+07 1.54602e+07 0.711555 8.02555e+09 1.66932e+10 0.480768 
33 245025 1.26363e-15 2.00146e-15 -0.199728 1.76298 1.23146 1.43162 1.26236e+07 1.81515e+07 0.69546 9.76247e+09 2.07067e+10 0.471465 
34 268192 1.2037e-15 1.31273e-15 -0.0376569 1.91444 1.39569 1.37169 1.44381e+07 2.08904e+07 0.691133 1.18103e+10 2.65124e+10 0.445462 
35 292775 1.06632e-15 2.05598e-15 -0.285131 2.03836 1.52221 1.33907 1.54683e+07 2.28643e+07 0.676528 1.29081e+10 2.83622e+10 0.455115 
36 318816 2.10736e-15 1.73199e-15 0.0851937 2.2885 1.76061 1.29983 1.74117e+07 2.59579e+07 0.670767 1.53817e+10 3.39847e+10 0.452606 
37 346357 2.0891e-15 3.95774e-15 -0.277489 2.66846 2.08718 1.2785 2.06356e+07 3.21695e+07 0.641465 1.97875e+10 5.04505e+10 0.392217 
38 375440 1.28153e-15 3.13226e-15 -0.388129 2.90943 2.28919 1.27094 2.28892e+07 3.28541e+07 0.696693 2.31011e+10 4.78926e+10 0.482353 
39 406107 1.38117e-15 2.70578e-15 -0.292045 3.10948 2.61935 1.18712 2.56692e+07 3.97165e+07 0.646312 2.76374e+10 6.68687e+10 0.413308 
40 438400 1.35755e-15 2.71899e-15 -0.301652 3.62011 2.84935 1.2705 2.84041e+07 4.11654e+07 0.69 3.14831e+10 6.53473e+10 0.481781 
41 472361 1.54479e-15 3.07046e-15 -0.298335 3.80883 3.17917 1.19806 3.14356e+07 5.10611e+07 0.615647 3.66343e+10 9.66412e+10 0.379075 
42 508032 1.69881e-15 2.9515e-15 -0.239897 4.34949 3.6508 1.19138 3.67677e+07 5.27884e+07 0.696511 4.63132e+10 9.84033e+10 0.470647 
43 545455 1.71036e-15 4.23466e-15 -0.393731 4.628 3.82946 1.20853 3.82591e+07 6.49235e+07 0.589295 4.90288e+10 1.41495e+11 0.346504 
44 584672 1.85829e-15 5.6185e-15 -0.480507 5.69473 4.36961 1.30326 4.32184e+07 6.81113e+07 0.634526 5.87232e+10 1.44334e+11 0.406858 
45 625725 1.92819e-15 4.8784e-15 -0.403129 5.44753 4.78957 1.13737 4.84176e+07 7.86023e+07 0.615982 6.90725e+10 1.88876e+11 0.365702 
46 668656 1.55054e-15 7.40194e-15 -0.678863 5.96887 5.22546 1.14227 5.10559e+07 8.49703e+07 0.600867 7.48498e+10 2.04588e+11 0.365857 
47 713507 1.65007e-15 6.1721e-15 -0.572929 7.05837 5.90244 1.19584 5.73378e+07 9.64605e+07 0.594417 8.88873e+10 2.53497e+11 0.350644 
48 760320 2.18315e-15 3.04144e-15 -0.143995 7.21647 6.2271 1.15888 5.93903e+07 1.04495e+08 0.568358 9.32282e+10 2.7269e+11 0.341883 
49 809137 2.08716e-15 5.88479e-15 -0.450174 8.61869 7.28561 1.18297 6.92941e+07 1.19004e+08 0.582284 1.1691e+11 3.44931e+11 0.338936 
50 860000 2.28088e-15 4.09164e-15 -0.253795 9.20885 7.95803 1.15718 7.49875e+07 1.23073e+08 0.609295 1.30665e+11 3.51449e+11 0.371789 
51 912951 1.93945e-15 6.40023e-15 -0.518516 9.75973 8.78335 1.11116 8.31159e+07 1.34588e+08 0.617557 1.51353e+11 3.9208e+11 0.386025 
52 968032 2.52751e-15 9.22558e-15 -0.5623 10.6107 9.56888 1.10888 8.84142e+07 1.51502e+08 0.583586 1.67514e+11 4.81985e+11 0.347551 
53 1025285 3.81609e-15 1.0563e-14 -0.442171 11.7711 10.463 1.12503 1.00155e+08 1.79357e+08 0.55841 2.00096e+11 6.42742e+11 0.311317 
54 1084752 2.2782e-15 9.28106e-15 -0.610006 12.1807 11.0291 1.10442 1.03089e+08 1.77687e+08 0.58017 2.07261e+11 6.08363e+11 0.340686 
55 1146475 3.22806e-15 1.23426e-14 -0.582467 13.5148 12.5329 1.07835 1.15418e+08 2.06546e+08 0.558801 2.4675e+11 7.80859e+11 0.315999 
56 1210496 2.80845e-15 1.19911e-14 -0.630392 15.209 13.9287 1.09191 1.2564e+08 2.16214e+08 0.581092 2.77098e+11 8.26278e+11 0.335357 
57 1276857 2.41518e-15 7.35895e-15 -0.483866 17.0739 15.1876 1.1242 1.3789e+08 2.40133e+08 0.574223 3.17049e+11 9.45768e+11 0.33523 
58 1345600 3.9408e-15 8.55668e-15 -0.336721 17.5083 16.0394 1.09158 1.43106e+08 2.41396e+08 0.592826 3.36338e+11 9.10809e+11 0.369275 
59 1416767 5.91288e-15 1.06698e-14 -0.256357 18.7916 17.1664 1.09467 1.52633e+08 2.67993e+08 0.569539 3.69681e+11 1.09646e+12 0.337159 
60 1490400 4.18128e-15 1.44295e-14 -0.537943 21.9567 19.0258 1.15405 1.63717e+08 2.99822e+08 0.546045 4.12028e+11 1.30249e+12 0.316339 
61 1566541 4.89645e-15 1.20364e-14 -0.390614 21.4949 20.0387 1.07267 1.76514e+08 3.13263e+08 0.563469 4.55747e+11 1.3898e+12 0.327922 
