% id nnzA myErr umfErr logratio myElaps umfElaps ratio mynnz umfnnz ratio myflop umfflop ratio 
 results = [2 12 1.85037e-17 1.85037e-17 0 0.000381702 0.0001543 2.47376 14 14 1 23 23 1 
3 33 5.55112e-17 3.46945e-17 0.20412 0.000434104 0.000200061 2.16986 51 43 1.18605 139 95 1.46316 
4 64 1.9082e-17 2.94903e-17 -0.189056 0.000463237 0.000283104 1.63628 106 100 1.06 339 302 1.12252 
5 105 1.66533e-16 5.0307e-17 0.519873 0.000525766 0.000353824 1.48595 195 179 1.08939 751 623 1.20546 
6 156 2.66714e-17 5.55112e-17 -0.318335 0.000721429 0.000362105 1.99232 318 300 1.06 1435 1252 1.14617 
7 217 1.11022e-16 1.38995e-16 -0.0975881 0.00085893 0.000507182 1.69354 493 461 1.06941 2642 2250 1.17422 
8 288 1.39212e-16 5.65954e-17 0.390895 0.000827526 0.00051093 1.61965 696 644 1.08075 4116 3386 1.21559 
9 369 1.25117e-16 3.84079e-17 0.512896 0.00109695 0.000675672 1.62349 923 931 0.991407 5851 6007 0.97403 
10 460 1.12757e-16 1.13191e-16 -0.00166716 0.00306009 0.000886464 3.45202 1258 1196 1.05184 9153 8028 1.14013 
11 561 1.87459e-16 1.41597e-16 0.121852 0.00490801 0.000935884 5.24426 1527 1511 1.01059 11161 10945 1.01974 
12 672 1.52656e-16 1.25822e-16 0.0839575 0.00596761 0.000990444 6.02519 2042 1926 1.06023 17671 15325 1.15308 
13 793 5.73001e-17 1.34007e-16 -0.368973 0.00602029 0.00111085 5.41952 2465 2337 1.05477 22080 19740 1.11854 
14 924 1.56992e-16 1.98192e-16 -0.101208 0.00504689 0.00135159 3.73403 2954 2832 1.04308 27897 25306 1.10239 
15 1065 2.36139e-16 2.04928e-16 0.0615673 0.00544748 0.00137445 3.96339 3439 3371 1.02017 35109 32543 1.07885 
16 1216 1.19777e-16 1.61329e-16 -0.129339 0.00787546 0.00156059 5.04645 4206 3980 1.05678 46853 40038 1.17021 
17 1377 1.97382e-16 1.70057e-16 0.0647136 0.00378151 0.00205859 1.83694 5085 4577 1.11099 62378 48088 1.29716 
18 1548 2.77664e-16 2.83505e-16 -0.00904135 0.00618293 0.00232833 2.65552 6150 5476 1.12308 82987 63856 1.2996 
19 1729 1.25876e-16 2.31369e-16 -0.264362 0.00811304 0.00257747 3.14767 7273 6131 1.18627 107524 72819 1.47659 
20 1920 2.65413e-16 1.48983e-16 0.250785 0.00784601 0.00267306 2.93522 7720 7004 1.10223 109544 85922 1.27492 
21 2121 3.11166e-16 2.99019e-16 0.0172938 0.0068205 0.00301192 2.2645 9145 7883 1.16009 146192 101643 1.43829 
22 2332 2.04914e-16 2.03518e-16 0.00296861 0.00694281 0.00325878 2.13049 9500 9108 1.04304 141532 128092 1.10492 
23 2553 1.4615e-16 3.58532e-16 -0.389728 0.00555943 0.00396176 1.40327 11317 10169 1.11289 185414 151104 1.22706 
24 2784 3.1389e-16 1.40465e-16 0.349209 0.00822762 0.00430479 1.91127 12986 10998 1.18076 230271 157281 1.46407 
25 3025 1.74773e-16 3.10082e-16 -0.249001 0.00665646 0.00465038 1.43138 14387 12111 1.18793 266379 179797 1.48155 
26 3276 1.94591e-16 1.69786e-16 0.0592198 0.00728408 0.00551065 1.32182 15220 13612 1.11813 273856 213984 1.2798 
27 3537 3.4231e-16 1.70801e-16 0.301928 0.00920501 0.00514034 1.79074 16357 14845 1.10185 297586 241598 1.23174 
28 3808 3.14547e-16 1.78583e-16 0.245845 0.00811526 0.00663908 1.22235 18716 16248 1.1519 371498 271068 1.3705 
29 4089 3.51065e-16 2.84683e-16 0.0910254 0.00836807 0.00622996 1.3432 19103 17555 1.08818 351353 299167 1.17444 
30 4380 2.68286e-16 3.40827e-16 -0.103937 0.00957341 0.00759613 1.2603 22118 19562 1.13066 473363 354981 1.33349 
31 4681 2.68376e-16 3.07439e-16 -0.059016 0.00913236 0.00712199 1.28228 22897 20873 1.09697 458572 379948 1.20693 
32 4992 4.09395e-16 2.90014e-16 0.149723 0.00991715 0.00728385 1.36153 25366 22776 1.11372 533237 434048 1.22852 
33 5313 4.9441e-16 1.10923e-16 0.649066 0.0102601 0.00994294 1.03189 27637 24527 1.1268 603054 487213 1.23776 
34 5644 4.03106e-16 2.58627e-16 0.192745 0.0111556 0.010794 1.0335 29976 27016 1.10956 680334 564614 1.20495 
35 5985 3.12901e-16 2.80002e-16 0.0482458 0.0117517 0.00952222 1.23414 29687 28467 1.04286 627381 595539 1.05347 
36 6336 3.63169e-16 2.84407e-16 0.106168 0.0126784 0.0161716 0.783992 34412 30486 1.12878 817414 643305 1.27065 
37 6697 3.98243e-16 3.26055e-16 0.0868573 0.0130599 0.0108593 1.20265 34209 32445 1.05437 749304 706610 1.06042 
38 7068 2.91325e-16 1.8973e-16 0.186241 0.0138949 0.0114545 1.21305 39222 35152 1.11578 987339 789954 1.24987 
39 7449 3.3885e-16 2.96287e-16 0.0582954 0.0149751 0.012216 1.22586 41383 36893 1.1217 1.037e+06 833490 1.24416 
40 7840 2.72636e-16 2.00641e-16 0.133164 0.016551 0.0127933 1.29372 44274 39942 1.10846 1.16189e+06 948777 1.22462 
41 8241 2.80056e-16 4.19725e-16 -0.17572 0.0172036 0.0172908 0.994959 48189 41785 1.15326 1.29353e+06 989460 1.30731 
42 8652 2.25351e-16 3.70355e-16 -0.215757 0.0172431 0.0139246 1.23832 49874 45388 1.09884 1.35165e+06 1.13901e+06 1.18669 
43 9073 3.04136e-16 3.02016e-16 0.00303776 0.0175983 0.0147564 1.19259 53227 47019 1.13203 1.47179e+06 1.1631e+06 1.26541 
44 9504 2.57124e-16 3.32715e-16 -0.111928 0.0192937 0.0149301 1.29226 55558 52078 1.06682 1.55994e+06 1.43686e+06 1.08566 
45 9945 3.11929e-16 3.66987e-16 -0.0705952 0.0191095 0.0149638 1.27705 57961 52341 1.10737 1.61096e+06 1.33394e+06 1.20767 
46 10396 2.84346e-16 4.93434e-16 -0.239382 0.0234619 0.0162052 1.4478 59054 55868 1.05703 1.60847e+06 1.45051e+06 1.1089 
47 10857 2.99784e-16 2.5785e-16 0.0654401 0.0227087 0.017967 1.26391 67425 58419 1.15416 2.06366e+06 1.55441e+06 1.32762 
48 11328 3.88686e-16 3.93632e-16 -0.00549107 0.023198 0.0181636 1.27717 66558 63518 1.04786 1.95854e+06 1.79794e+06 1.08932 
49 11809 3.49835e-16 3.30271e-16 0.0249926 0.0334801 0.0260506 1.28519 73021 64617 1.13006 2.22717e+06 1.77637e+06 1.25378 
50 12300 2.32878e-16 1.61416e-16 0.159182 0.0257862 0.0208506 1.23671 79190 69326 1.14228 2.56069e+06 1.97838e+06 1.29433 
51 12801 3.80562e-16 3.07969e-16 0.0919177 0.037655 0.0358196 1.05124 82685 71535 1.15587 2.65225e+06 2.05394e+06 1.2913 
52 13312 3.68991e-16 2.28282e-16 0.208546 0.0275759 0.0222486 1.23945 80576 81418 0.989658 2.49256e+06 2.79272e+06 0.892524 
53 13833 4.23804e-16 2.32464e-16 0.26081 0.0287437 0.0232467 1.23646 84751 78417 1.08077 2.67373e+06 2.32682e+06 1.14909 
54 14364 3.03915e-16 5.08503e-16 -0.223541 0.0300919 0.0242771 1.23952 87784 84330 1.04096 2.75034e+06 2.60737e+06 1.05483 
55 14905 5.64375e-16 4.13504e-16 0.135088 0.0306973 0.0253802 1.2095 93355 85937 1.08632 3.12382e+06 2.65316e+06 1.17739 
56 15456 3.10404e-16 3.95267e-16 -0.104963 0.0314918 0.0255542 1.23236 94900 94374 1.00557 3.02493e+06 3.15166e+06 0.959789 
57 16017 2.61296e-16 3.99619e-16 -0.184513 0.0351883 0.0267418 1.31585 101297 94737 1.06924 3.42814e+06 3.06298e+06 1.11922 
58 16588 2.70568e-16 2.50122e-16 0.0341242 0.0437931 0.0357892 1.22364 112494 101734 1.10577 4.13759e+06 3.4474e+06 1.20021 
59 17169 3.03809e-16 2.57439e-16 0.0719265 0.0538665 0.0387536 1.38997 110909 103101 1.07573 3.8736e+06 3.49391e+06 1.10867 
60 17760 4.02244e-16 3.82419e-16 0.0219502 0.0359487 0.0289734 1.24075 108606 115930 0.936824 3.5017e+06 4.48558e+06 0.780658 
61 18361 2.36587e-16 6.58312e-16 -0.44444 0.038705 0.0303253 1.27633 119111 110523 1.0777 4.23463e+06 3.67937e+06 1.15091 
62 18972 4.48154e-16 4.80584e-16 -0.0303425 0.0506994 0.0317015 1.59927 123626 121072 1.02109 4.3666e+06 4.48801e+06 0.97295 
63 19593 4.51091e-16 3.32525e-16 0.13244 0.0404805 0.0316836 1.27765 128901 119929 1.07481 4.84361e+06 4.15726e+06 1.16509 
64 20224 2.36029e-16 4.73111e-16 -0.301998 0.0495358 0.0370287 1.33777 136606 130304 1.04836 5.23899e+06 4.80821e+06 1.08959 
65 20865 3.29658e-16 4.6202e-16 -0.146597 0.0436441 0.0344933 1.26529 137479 130197 1.05593 5.16567e+06 4.67081e+06 1.10595 
66 21516 3.32632e-16 3.33892e-16 -0.0016419 0.0570157 0.0340473 1.6746 149926 141996 1.05585 6.13485e+06 5.63338e+06 1.08902 
67 22177 3.12051e-16 3.34726e-16 -0.030465 0.0521395 0.0341905 1.52497 146855 140485 1.04534 5.46502e+06 5.21104e+06 1.04874 
68 22848 3.48503e-16 3.65488e-16 -0.0206662 0.0487117 0.0399869 1.21819 160434 156950 1.0222 6.47645e+06 6.67052e+06 0.970906 
69 23529 3.23312e-16 4.1404e-16 -0.10742 0.051388 0.0406234 1.26499 166251 151459 1.09766 7.00201e+06 5.86164e+06 1.19455 
